blt_obs_mean = 3.1250000000;
cpil_obs_mean = 474.9595748207;
ffr_obs_mean = 1.8712014287;
gdpl_rgd_obs_mean = 874.8988950483;
unr_obs_mean = 6.3766666667;
