baag10_obs = 0.5209518025;
bbb1yffr_obs = 0.3123042966;
blt_obs = 6.8854885057;
c_rgd_obs = 0.8594620946;
cd_def_obs = -0.0903666892;
cd_nom_obs = 1.3154859536;
cnds_def_obs = 0.7687443463;
cnds_nom_obs = 1.5084587723;
cpil_obs = 501.9526632493;
credit_nom_obs = 1.7056173535;
ffr_obs = 1.3166381185;
gdp_rgd_obs = 0.7622436402;
gdpdef_obs = 0.6282061902;
gdpl_rgd_obs = 902.9769163686;
hours_dngs15_obs = -44.3117299412;
hours_frbedo08_obs = 1.0004941754;
hours_kr15_obs = 663.8652555450;
hours_sw07_obs = 0.0511012455;
ifi_rgd_obs = 0.6571606788;
inr_nom_obs = 1.3251302819;
ir_nom_obs = 1.1022439496;
unr_obs = 5.7086666667;
wage_rgd_obs = 0.3941462228;
