baag10_obs = 0.4974985928;
bbb1yffr_obs = 0.2217468084;
blt_obs = 5.8875000000;
c_rgd_obs = 0.8521277065;
cd_def_obs = 0.3817886446;
cd_nom_obs = 1.6447425141;
cnds_def_obs = 1.0707636256;
cnds_nom_obs = 1.8150980618;
cpil_obs = 477.2297404353;
credit_nom_obs = 2.0237229695;
ffr_obs = 1.8596095629;
gdp_rgd_obs = 0.7694179951;
gdpdef_obs = 0.9410740361;
gdpl_rgd_obs = 876.3824302484;
hours_dngs15_obs = -44.5720831103;
hours_frbedo08_obs = 1.0003951468;
hours_kr15_obs = 663.1263121467;
hours_sw07_obs = 0.0461843082;
ifi_rgd_obs = 0.8112701514;
inr_nom_obs = 1.8162550590;
ir_nom_obs = 1.5968961711;
unr_obs = 6.3230000000;
wage_rgd_obs = 0.3446473254;
