baag10_obs_mean = 0.4941131111;
bbb1yffr_obs_mean = 0.2206702789;
blt_obs_mean = 4.9500000000;
c_rgd_obs_mean = 0.8521277065;
cd_def_obs_mean = 0.3817886446;
cd_nom_obs_mean = 1.6447425141;
cnds_def_obs_mean = 1.0707636256;
cnds_nom_obs_mean = 1.8150980618;
cpil_obs_mean = 477.2297404353;
credit_nom_obs_mean = 2.0237229695;
ffr_obs_mean = 1.8723457987;
gdp_rgd_obs_mean = 0.7694179951;
gdpdef_obs_mean = 0.9410740361;
gdpl_rgd_obs_mean = 876.3824302484;
hours_dngs15_obs_mean = -44.5720831103;
hours_frbedo08_obs_mean = 1.0003951468;
hours_kr15_obs_mean = 663.1263121467;
hours_sw07_obs_mean = 0.0461843082;
ifi_rgd_obs_mean = 0.8112701514;
inr_nom_obs_mean = 1.8162550590;
ir_nom_obs_mean = 1.5968961711;
unr_obs_mean = 6.3323232323;
wage_rgd_obs_mean = 0.3446473254;
