baag10_obs_mean = 0.4906922892;
blt_obs_mean = 10.7271505376;
c_rgd_obs_mean = 0.8307354074;
cpil_obs_mean = 454.6196553649;
ffr_obs_mean = 1.5516227711;
gdp_rgd_obs_mean = 0.7502242866;
gdpdef_obs_mean = 0.9540106659;
gdpl_rgd_obs_mean = 873.7641320230;
hours_dngs15_cql_obs_mean = -45.1050604202;
hours_dngs15_obs_mean = -45.0692118435;
hours_sw07_cql_obs_mean = -0.0013503315;
hours_sw07_obs_mean = -0.0013503315;
ifi_rgd_obs_mean = 0.6568025415;
unr_cql_obs_mean = 5.8741758242;
unr_obs_mean = 5.8749582418;
wage_rgd_obs_mean = 0.3886332514;
