blt_obs_mean = 10.1424863388;
cpil_obs_mean = 503.4334045831;
ffr_obs_mean = 1.2703681899;
gdpl_rgd_obs_mean = 904.4046216038;
unr_obs_mean = 5.6936666667;
