c_winf_obs_mean = -0.0000000000;
h_winf_obs_mean = -0.0000000000;
hp_r_obs_mean = 0.3003356592;
hwc_pd_obs_mean = 0.0008891092;
hwr_pd_obs_mean = 0.0003678267;
i_nom_obs_mean = 0.0000287627;
pi_dm_obs_mean = 0.0000000000;
rbi_obs_mean = 0.6694659675;
rc_obs_mean = 0.4206021653;
rri_obs_mean = 0.1027382318;
