baag10_obs_mean = 0.5398810446;
bbb1yffr_obs_mean = 0.3243858679;
blt_obs_mean = 10.1424863388;
c_rgd_obs_mean = 0.8059195790;
c_winf_obs_mean = -0.0000156526;
cd_def_obs_mean = -0.1083985476;
cd_nom_obs_mean = 1.1048720995;
cnds_def_obs_mean = 0.7490400812;
cnds_nom_demean_obs_mean = 0.0000000000;
cnds_nom_obs_mean = 1.4629948377;
cnds_rim_obs_mean = 0.7139547565;
cpil_obs_mean = 503.1057932063;
credit_nom_obs_mean = 1.6733532342;
credit_rgd_obs_mean = 1.0498824054;
emp_obs_mean = 0.3153690981;
ffr_obs_mean = 1.2703681899;
fgs_obs_mean = -1.0856373241;
g10ffr_obs_mean = 0.3509743075;
gdp_rgd_obs_mean = 0.7176992789;
gdpdef_obs_mean = 0.6170008603;
gdpl_rgd_obs_mean = 904.0994887785;
h_winf_obs_mean = -0.0000155438;
hours_A16_obs_mean = 0.0818265638;
hours_cmr14_cql_obs_mean = -752.4638979484;
hours_cmr14_obs_mean = -752.4638979484;
hours_dngs15_cql_obs_mean = -44.3695373568;
hours_dngs15_obs_mean = -44.3096834299;
hours_frbedo08_cql_obs_mean = 0.9997229101;
hours_frbedo08_obs_mean = 1.0003056758;
hours_kr15_cql_obs_mean = 663.8633257435;
hours_kr15_obs_mean = 663.8633257435;
hours_sw07_cql_obs_mean = 0.0342445879;
hours_sw07_obs_mean = 0.0342445879;
hp_nom_obs_mean = 0.7644247512;
hp_r_obs_mean = 0.1157892340;
hwc_pd_obs_mean = -0.0004762681;
hwr_pd_obs_mean = -0.0001355842;
i_A16_obs_mean = -0.0000000000;
i_nom_obs_mean = -0.0001144680;
ifi_rgd_obs_mean = 0.5170557788;
igid_rim_obs_mean = 0.8712518017;
igiddef_rgd_obs_mean = -0.4412368828;
inr_nom_obs_mean = 1.2057627281;
ir_nom_obs_mean = 0.9191197172;
mortffr_obs_mean = 0.7171291381;
mortgage_nom_obs_mean = 2.2691689928;
networth_rgd_cmr14_obs_mean = 1.0022473266;
networth_rgd_obs_mean = 1.6915346951;
pi_dm_obs_mean = -0.0000000000;
rbi_obs_mean = 0.3535266655;
rc_obs_mean = 0.2666150678;
rri_obs_mean = 0.1283942559;
unr_cql_obs_mean = 5.6936666667;
unr_obs_mean = 5.6744107744;
wage_rgd_demean_obs_mean = -0.0000000000;
wage_rgd_obs_mean = 0.3834850669;
