blt_obs_mean = 3.1250000000;
cpil_obs_mean = 473.8111123549;
ffr_obs_mean = 1.8730020331;
gdpl_rgd_obs_mean = 874.1058126356;
unr_obs_mean = 6.4070000000;
