baag10_obs_mean = 0.4974985928;
bbb1yffr_obs_mean = 0.2217468084;
blt_obs_mean = 5.8875000000;
c_rgd_obs_mean = 0.8521277065;
cd_def_obs_mean = 0.3817886446;
cd_nom_obs_mean = 1.6447425141;
cnds_def_obs_mean = 1.0707636256;
cnds_nom_obs_mean = 1.8150980618;
cpil_obs_mean = 477.6414374104;
credit_nom_obs_mean = 2.0237229695;
ffr_obs_mean = 1.8596095629;
gdp_rgd_obs_mean = 0.7566612437;
gdpdef_obs_mean = 0.9347841040;
gdpl_rgd_obs_mean = 876.7548980178;
hours_dngs15_obs_mean = -44.5720831103;
hours_frbedo08_obs_mean = 1.0003951468;
hours_kr15_obs_mean = 663.1263121467;
hours_sw07_obs_mean = 0.0461843082;
ifi_rgd_obs_mean = 0.8112701514;
inr_nom_obs_mean = 1.7635978592;
ir_nom_obs_mean = 1.5651841023;
unr_obs_mean = 6.3230000000;
wage_rgd_obs_mean = 0.3446473254;
