baag10_obs_mean = 0.4811464750;
blt_obs_mean = 9.2241666667;
c_rgd_obs_mean = 0.8387468131;
cpil_obs_mean = 453.7145855251;
ffr_obs_mean = 1.5683823142;
gdp_rgd_obs_mean = 0.7728617860;
gdpdef_obs_mean = 0.9586479549;
gdpl_rgd_obs_mean = 873.1045945258;
hours_dngs15_cql_obs_mean = -45.0371713456;
hours_dngs15_obs_mean = -45.0371713456;
hours_sw07_cql_obs_mean = -0.0011620796;
hours_sw07_obs_mean = -0.0011620796;
ifi_rgd_obs_mean = 0.7380023331;
unr_cql_obs_mean = 5.8451851852;
unr_obs_mean = 5.8451851852;
wage_rgd_obs_mean = 0.3869877225;
