baag10_obs_mean = 0.4740178992;
blt_obs_mean = 6.8854885057;
c_rgd_obs_mean = 0.8655673154;
cpil_obs_mean = 452.7710962429;
ffr_obs_mean = 1.5825692247;
gdp_rgd_obs_mean = 0.7864258228;
gdpdef_obs_mean = 0.9640086514;
gdpl_rgd_obs_mean = 872.3926237329;
hours_dngs15_cql_obs_mean = -45.0077443028;
hours_dngs15_obs_mean = -45.0077443028;
hours_sw07_cql_obs_mean = -0.0009767678;
hours_sw07_obs_mean = -0.0009767678;
ifi_rgd_obs_mean = 0.7846565717;
unr_cql_obs_mean = 5.8378277154;
unr_obs_mean = 5.8378277154;
wage_rgd_obs_mean = 0.3951292235;
