blt_obs_mean = 6.8854885057;
cpil_obs_mean = 501.5831623398;
ffr_obs_mean = 1.3166381185;
gdpl_rgd_obs_mean = 902.6324286484;
unr_obs_mean = 5.7086666667;
