baag10_obs = 0.5313988292;
bbb1yffr_obs = 0.3161940171;
blt_obs = 9.2241666667;
c_rgd_obs = 0.8059195790;
cd_def_obs = -0.1083985476;
cd_nom_obs = 1.1048720995;
cnds_def_obs = 0.7490400812;
cnds_nom_obs = 1.4629948377;
cpil_obs = 503.4334045831;
credit_nom_obs = 1.6733532342;
ffr_obs = 1.2827622760;
gdp_rgd_obs = 0.6979413475;
gdpdef_obs = 0.6124921711;
gdpl_rgd_obs = 904.4046216038;
hours_dngs15_obs = -44.3096834299;
hours_frbedo08_obs = 1.0003056758;
hours_kr15_obs = 663.8633257435;
hours_sw07_obs = 0.0342445879;
ifi_rgd_obs = 0.5170557788;
inr_nom_obs = 1.1593947819;
ir_nom_obs = 0.8407967827;
unr_obs = 5.6953156667;
wage_rgd_obs = 0.3834850669;
