baag10_obs_mean = 0.4572415821;
blt_obs_mean = 5.8875000000;
c_rgd_obs_mean = 0.8841406665;
cpil_obs_mean = 439.6075968326;
ffr_obs_mean = 1.7309840619;
gdp_rgd_obs_mean = 0.8118281099;
gdpdef_obs_mean = 1.0317632353;
gdpl_rgd_obs_mean = 856.6410767558;
hours_dngs15_cql_obs_mean = -44.6312342224;
hours_dngs15_obs_mean = -44.6370732533;
hours_sw07_cql_obs_mean = -0.0004560699;
hours_sw07_obs_mean = -0.0004560699;
ifi_rgd_obs_mean = 0.8854921337;
unr_cql_obs_mean = 5.9377192982;
unr_obs_mean = 5.9412803532;
wage_rgd_obs_mean = 0.3997723421;
