baag10_obs_mean = 0.4918769769;
bbb1yffr_obs_mean = 0.2273611761;
blt_obs_mean = 3.1250000000;
c_rgd_obs_mean = 0.8798200280;
cd_def_obs_mean = 0.4273686226;
cd_nom_obs_mean = 1.6958412159;
cnds_def_obs_mean = 1.0951433691;
cnds_nom_obs_mean = 1.8625297541;
cpil_obs_mean = 474.9595748207;
credit_nom_obs_mean = 2.0399169938;
ffr_obs_mean = 1.8712014287;
gdp_rgd_obs_mean = 0.7939207958;
gdpdef_obs_mean = 0.9611896576;
gdpl_rgd_obs_mean = 874.8988950483;
hours_dngs15_obs_mean = -44.6882175266;
hours_frbedo08_obs_mean = 1.0003563352;
hours_kr15_obs_mean = 663.0010283234;
hours_sw07_obs_mean = 0.0426666980;
ifi_rgd_obs_mean = 0.9650101931;
inr_nom_obs_mean = 2.0184604175;
ir_nom_obs_mean = 1.6709765038;
unr_obs_mean = 6.3766666667;
wage_rgd_obs_mean = 0.3261295959;
