baag10_obs_mean = 0.4918769769;
c_rgd_obs_mean = 0.8798200280;
ffr_obs_mean = 1.8712014287;
gdp_rgd_obs_mean = 0.7939207958;
gdpdef_obs_mean = 0.9611896576;
hours_dngs15_obs_mean = -44.6583603898;
ifi_rgd_obs_mean = 0.9650101931;
wage_rgd_obs_mean = 0.3261295959;
