baag10_obs_mean = 0.5313988292;
bbb1yffr_obs_mean = 0.3161940171;
blt_obs_mean = 9.2241666667;
c_rgd_obs_mean = 0.8059195790;
c_winf_obs_mean = -0.0000000000;
cd_def_obs_mean = -0.1083985476;
cd_nom_obs_mean = 1.1048720995;
cnds_def_obs_mean = 0.7490400812;
cnds_nom_obs_mean = 1.4629948377;
cnds_rim_obs_mean = 0.7139547565;
cpil_obs_mean = 503.4334045831;
credit_nom_obs_mean = 1.6733532342;
credit_rgd_obs_mean = 1.0498824054;
ffr_obs_mean = 1.2827622760;
g10ffr_obs_mean = 0.3483252634;
gdp_rgd_obs_mean = 0.6979413475;
gdpdef_obs_mean = 0.6124921711;
gdpl_rgd_obs_mean = 904.4046216038;
h_winf_obs_mean = 0.0000000000;
hours_cmr14_cql_obs_mean = -752.4638979484;
hours_cmr14_obs_mean = -752.4638979484;
hours_dngs15_cql_obs_mean = -44.3695373568;
hours_dngs15_obs_mean = -44.3096834299;
hours_frbedo08_cql_obs_mean = 0.9997229101;
hours_frbedo08_obs_mean = 1.0003056758;
hours_kr15_cql_obs_mean = 663.8633257435;
hours_kr15_obs_mean = 663.8633257435;
hours_sw07_cql_obs_mean = 0.0342445879;
hours_sw07_obs_mean = 0.0342445879;
hp_r_obs_mean = 0.1157892340;
hwc_pd_obs_mean = -0.0000000000;
hwr_pd_obs_mean = 0.0000000000;
i_nom_obs_mean = 0.0000000000;
ifi_rgd_obs_mean = 0.5170557788;
igid_rim_obs_mean = 0.8712518017;
igiddef_rgd_obs_mean = -0.4412368828;
inr_nom_obs_mean = 1.1593947819;
ir_nom_obs_mean = 0.8407967827;
mortffr_obs_mean = 0.7171291381;
mortgage_nom_obs_mean = 2.2691689928;
networth_rgd_cmr14_obs_mean = 1.0022473266;
networth_rgd_obs_mean = 1.6915346951;
pi_dm_obs_mean = -0.0000000000;
rbi_obs_mean = 0.3535266655;
rc_obs_mean = 0.2666150678;
rri_obs_mean = 0.1283942559;
unr_cql_obs_mean = 5.6936666667;
unr_obs_mean = 5.6953156667;
wage_rgd_obs_mean = 0.3834850669;
