blt_obs_mean = 5.8875000000;
cpil_obs_mean = 477.6414374104;
ffr_obs_mean = 1.8596095629;
gdpl_rgd_obs_mean = 876.7548980178;
unr_obs_mean = 6.3230000000;
