baag10_obs_mean = 0.4898065294;
c_rgd_obs_mean = 0.8798093797;
ffr_obs_mean = 1.8730020331;
gdp_rgd_obs_mean = 0.7921723943;
gdpdef_obs_mean = 0.9602511082;
hours_dngs15_obs_mean = -44.7215066042;
ifi_rgd_obs_mean = 0.9885918277;
wage_rgd_obs_mean = 0.3319562353;
