%tfp data from various sources
%sample is Q2 1947 to Q2 2013

%all data is in natural logs


% Fernald - raw
% Fernald - util adjusted
% Fernald - own, unemp. Proxy for util (Solow)
%     BLS - Manufacturing (interpolated)
%     BLS - Private Business (interpolated)
%     BLS - Private Nonfarm Business (interpolated)
%     BLS - Total (interpolated)
%     PENN world tables (interpolated)

sers=[0.0003	-0.0019	NaN	NaN	NaN	NaN	NaN	NaN
    -0.008	-0.0123	NaN	NaN	NaN	NaN	NaN	NaN
    -0.0001	-0.0046	NaN	NaN	NaN	NaN	NaN	NaN
    0.0238	0.0234	NaN	NaN	3.8042	3.9001	NaN	NaN
    0.0436	0.0529	0.0198	NaN	3.7958	3.8967	NaN	NaN
    0.0346	0.0584	0.0112	NaN	3.7881	3.8937	NaN	NaN
    0.036	0.0763	0.0125	NaN	3.7824	3.8922	NaN	NaN
    0.0208	0.075	0.0004	NaN	3.7808	3.8936	NaN	NaN
    0.0196	0.0805	0.0033	NaN	3.786	3.8999	NaN	NaN
    0.0368	0.0941	0.0232	NaN	3.7987	3.9115	NaN	NaN
    0.0299	0.0735	0.0174	NaN	3.8178	3.9276	NaN	NaN
    0.0722	0.0955	0.0576	NaN	3.84	3.9463	NaN	4.112174105
    0.0925	0.094	0.075	NaN	3.8603	3.9638	NaN	4.119231742
    0.1127	0.0978	0.0915	NaN	3.8754	3.9779	NaN	4.126131373
    0.114	0.0924	0.0915	NaN	3.8843	3.9874	NaN	4.132556981
    0.1083	0.0899	0.0833	NaN	3.8877	3.9924	NaN	4.138034547
    0.11	0.1016	0.0836	NaN	3.8884	3.9942	NaN	4.141932041
    0.1287	0.1309	0.1026	NaN	3.8886	3.9939	NaN	4.14426446
    0.1272	0.1348	0.1018	NaN	3.8899	3.9932	NaN	4.14569383
    0.1274	0.1323	0.1009	NaN	3.8937	3.9933	NaN	4.1475292
    0.1331	0.1289	0.1063	NaN	3.9003	3.9959	NaN	4.151726647
    0.1348	0.1205	0.1087	NaN	3.9094	4.0012	NaN	4.158794129
    0.1528	0.1337	0.1255	NaN	3.9197	4.0084	NaN	4.167791489
    0.1654	0.1514	0.1377	NaN	3.9289	4.0153	NaN	4.176330449
    0.1689	0.1707	0.1409	NaN	3.9339	4.0185	NaN	4.180574614
    0.1619	0.1858	0.1342	NaN	3.9337	4.0169	NaN	4.179111302
    0.1473	0.1925	0.1228	NaN	3.9294	4.0117	NaN	4.172951543
    0.1458	0.2043	0.1264	NaN	3.9243	4.0062	NaN	4.165530083
    0.1529	0.2126	0.1351	NaN	3.9241	4.0059	NaN	4.162705376
    0.1638	0.213	0.1466	NaN	3.9311	4.0132	NaN	4.167188741
    0.1793	0.2111	0.1599	NaN	3.9447	4.0274	NaN	4.178544358
    0.1969	0.2105	0.1753	NaN	3.9613	4.0444	NaN	4.193189267
    0.2087	0.2092	0.1861	NaN	3.9739	4.0569	NaN	4.20439337
    0.2094	0.2037	0.1857	NaN	3.9792	4.0611	NaN	4.208571575
    0.2042	0.1987	0.1809	NaN	3.9767	4.0569	NaN	4.205283794
    0.1992	0.1968	0.1752	NaN	3.9694	4.0475	NaN	4.197234945
    0.2033	0.2041	0.18	NaN	3.9637	4.0396	NaN	4.190274951
    0.1998	0.2022	0.1762	NaN	3.9628	4.037	NaN	4.187568651
    0.2164	0.22	0.1928	NaN	3.9675	4.0404	NaN	4.189595799
    0.2166	0.2236	0.1923	NaN	3.9755	4.0474	NaN	4.194151069
    0.2128	0.2271	0.1891	NaN	3.9818	4.0529	NaN	4.196344047
    0.216	0.2414	0.1926	NaN	3.9839	4.0543	NaN	4.193927092
    0.2152	0.2522	0.1941	NaN	3.9819	4.0514	NaN	4.187295335
    0.1991	0.2431	0.1827	NaN	3.9785	4.0471	NaN	4.179486674
    0.2061	0.248	0.1933	NaN	3.9787	4.0467	NaN	4.176181779
    0.2239	0.2536	0.2108	NaN	3.9851	4.0527	NaN	4.180147941
    0.2372	0.2473	0.2211	NaN	3.9977	4.0651	NaN	4.191239065
    0.2506	0.2399	0.2324	NaN	4.0135	4.0812	NaN	4.20639568
    0.262	0.2369	0.2414	NaN	4.0273	4.0952	NaN	4.219644929
    0.2565	0.228	0.2365	NaN	4.0358	4.1041	NaN	4.227420859
    0.2573	0.2377	0.2383	NaN	4.0383	4.1068	NaN	4.228564418
    0.2793	0.2773	0.2587	NaN	4.0364	4.1047	NaN	4.224323455
    0.2619	0.2792	0.2416	NaN	4.0338	4.1014	NaN	4.218352721
    0.2588	0.2906	0.2395	NaN	4.0333	4.0993	NaN	4.213331837
    0.2502	0.2874	0.2336	NaN	4.0361	4.1001	NaN	4.210965295
    0.2548	0.2876	0.2398	NaN	4.0423	4.1042	NaN	4.211982457
    0.281	0.3039	0.2667	NaN	4.0508	4.111	NaN	4.216137556
    0.29	0.3024	0.275	NaN	4.0606	4.1197	NaN	4.222837743
    0.3017	0.3081	0.2847	NaN	4.0706	4.1295	NaN	4.231143084
    0.3058	0.3126	0.2868	NaN	4.0802	4.1393	NaN	4.239766567
    0.3093	0.3219	0.2899	NaN	4.0888	4.1479	NaN	4.247074092
    0.3186	0.3393	0.2996	NaN	4.096	4.1549	NaN	4.252246963
    0.3281	0.3554	0.3087	NaN	4.1023	4.1606	NaN	4.255281882
    0.3304	0.3606	0.312	NaN	4.1084	4.1657	NaN	4.25699095
    0.3384	0.3676	0.3197	NaN	4.1156	4.172	NaN	4.259001668
    0.3534	0.3791	0.334	NaN	4.1243	4.1801	NaN	4.262260413
    0.3549	0.3768	0.3359	NaN	4.1345	4.1901	NaN	4.267032432
    0.3654	0.3847	0.346	NaN	4.1454	4.2009	NaN	4.27290185
    0.3698	0.3878	0.3494	NaN	4.1555	4.2107	NaN	4.278771663
    0.3779	0.395	0.3567	NaN	4.1641	4.2187	NaN	4.284105167
    0.3761	0.3912	0.355	NaN	4.1713	4.2248	NaN	4.288925952
    0.3926	0.4036	0.3711	NaN	4.178	4.2302	NaN	4.293817906
    0.3936	0.3991	0.3714	NaN	4.1857	4.2367	NaN	4.299925213
    0.4082	0.408	0.385	NaN	4.195	4.245	NaN	4.307486566
    0.422	0.4179	0.3976	NaN	4.2054	4.2548	NaN	4.31583516
    0.4369	0.4322	0.4118	NaN	4.2153	4.2643	NaN	4.323398699
    0.4305	0.4287	0.4051	NaN	4.222	4.2705	NaN	4.327699391
    0.4274	0.4312	0.402	NaN	4.2244	4.2723	NaN	4.327723874
    0.4297	0.4401	0.4039	NaN	4.223	4.2702	NaN	4.323923216
    0.4307	0.4472	0.4053	NaN	4.22	4.2664	NaN	4.318212911
    0.4348	0.4556	0.4094	NaN	4.219	4.265	NaN	4.313972887
    0.4351	0.4579	0.4097	NaN	4.2219	4.2678	NaN	4.313108983
    0.4375	0.4602	0.4125	NaN	4.2289	4.275	NaN	4.316052958
    0.4531	0.4737	0.4273	NaN	4.2383	4.2847	NaN	4.32176249
    0.4612	0.4784	0.4351	NaN	4.2466	4.2932	NaN	4.327721169
    0.4641	0.4773	0.4377	NaN	4.2518	4.298	NaN	4.332095634
    0.4618	0.4713	0.435	NaN	4.2528	4.2982	NaN	4.333735568
    0.4606	0.4681	0.4339	NaN	4.2503	4.2944	NaN	4.3321737
    0.4581	0.4661	0.4314	NaN	4.2457	4.2885	NaN	4.327625804
    0.4577	0.4693	0.4316	NaN	4.2408	4.2821	NaN	4.32082229
    0.4508	0.469	0.4247	NaN	4.2369	4.2769	NaN	4.313008204
    0.4453	0.4714	0.421	NaN	4.2353	4.2742	NaN	4.305943228
    0.4492	0.4821	0.4267	NaN	4.237	4.2751	NaN	4.301901678
    0.4605	0.4975	0.4393	NaN	4.2423	4.2798	NaN	4.301930612
    0.45	0.487	0.4307	NaN	4.2507	4.2877	NaN	4.305849825
    0.4731	0.5061	0.4541	NaN	4.2606	4.2974	NaN	4.31225185
    0.474	0.5007	0.455	NaN	4.2696	4.3065	NaN	4.31850196
    0.4826	0.5023	0.464	NaN	4.2768	4.3138	NaN	4.323192823
    0.482	0.4954	0.463	NaN	4.2822	4.3193	NaN	4.326144507
    0.4904	0.4989	0.4711	NaN	4.2871	4.3244	NaN	4.328404473
    0.5062	0.5104	0.4865	NaN	4.2942	4.3316	NaN	4.332247579
    0.5125	0.5122	0.4925	NaN	4.3042	4.3416	NaN	4.338463729
    0.5288	0.5233	0.5082	NaN	4.3162	4.3534	NaN	4.346357866
    0.5439	0.5327	0.5216	NaN	4.3272	4.3645	NaN	4.353749979
    0.5423	0.527	0.5201	NaN	4.3326	4.3704	NaN	4.356975099
    0.5309	0.5155	0.5084	NaN	4.3302	4.3689	NaN	4.354254618
    0.5318	0.5221	0.5093	NaN	4.3206	4.3603	NaN	4.345696296
    0.5124	0.5142	0.4908	NaN	4.3066	4.3471	NaN	4.333294251
    0.5062	0.5241	0.4849	NaN	4.2938	4.3341	NaN	4.320928969
    0.4947	0.5287	0.4747	NaN	4.2856	4.3245	NaN	4.311250734
    0.4889	0.535	0.4721	NaN	4.2839	4.3203	NaN	4.305679631
    0.4907	0.5418	0.4796	NaN	4.2881	4.3219	NaN	4.304405547
    0.5037	0.5526	0.4947	NaN	4.2963	4.328	NaN	4.306388168
    0.5178	0.5591	0.5074	NaN	4.3064	4.3374	NaN	4.310587819
    0.5214	0.5531	0.5103	NaN	4.317	4.3487	NaN	4.315965463
    0.5374	0.5612	0.5241	NaN	4.3269	4.36	NaN	4.321482703
    0.5418	0.5614	0.5282	NaN	4.3353	4.3696	NaN	4.326101778
    0.543	0.5621	0.5297	NaN	4.3418	4.3764	NaN	4.329294126
    0.545	0.5657	0.5321	NaN	4.3465	4.3805	NaN	4.331040383
    0.5493	0.5713	0.5353	NaN	4.3497	4.3825	NaN	4.331830382
    0.5589	0.58	0.5435	NaN	4.3525	4.3844	NaN	4.332663156
    0.5714	0.5887	0.5553	NaN	4.3553	4.3872	NaN	4.33416241
    0.5635	0.5747	0.5467	NaN	4.3586	4.3911	NaN	4.336576519
    0.5595	0.5638	0.5414	NaN	4.3623	4.3959	NaN	4.339778533
    0.5788	0.5775	0.5595	NaN	4.3661	4.4003	NaN	4.343266175
    0.5778	0.5741	0.5585	NaN	4.3695	4.4036	NaN	4.346401164
    0.5785	0.5764	0.559	NaN	4.3718	4.4048	NaN	4.34840922
    0.5766	0.5797	0.5571	NaN	4.3718	4.4033	NaN	4.348380061
    0.5651	0.5761	0.5449	NaN	4.3684	4.3987	NaN	4.345267403
    0.5612	0.5806	0.5417	NaN	4.3616	4.3914	NaN	4.339107402
    0.5575	0.5835	0.5383	NaN	4.3524	4.3825	NaN	4.331018649
    0.5567	0.5856	0.5384	NaN	4.3433	4.3742	NaN	4.323202172
