baag10_obs_mean = 0.5398802113;
bbb1yffr_obs_mean = 0.3243858679;
blt_obs_mean = 10.1424863388;
c_rgd_obs_mean = 0.8059195790;
cd_def_obs_mean = -0.1083985476;
cd_nom_obs_mean = 1.1048720995;
cnds_def_obs_mean = 0.7490400812;
cnds_nom_obs_mean = 1.4629948377;
cpil_obs_mean = 503.4334045831;
credit_nom_obs_mean = 1.6733532342;
ffr_obs_mean = 1.2703681899;
gdp_rgd_obs_mean = 0.6979413475;
gdpdef_obs_mean = 0.6124921711;
gdpl_rgd_obs_mean = 904.4046216038;
hours_dngs15_obs_mean = -44.3096834299;
hours_frbedo08_obs_mean = 1.0003056758;
hours_kr15_obs_mean = 663.8633257435;
hours_sw07_obs_mean = 0.0342445879;
ifi_rgd_obs_mean = 0.5170557788;
inr_nom_obs_mean = 1.1593947819;
ir_nom_obs_mean = 0.8407967827;
mortffr_obs_mean = 0.7171291381;
mortgage_nom_obs_mean = 2.2691689928;
unr_obs_mean = 5.6744107744;
wage_rgd_obs_mean = 0.3834850669;
