baag10_obs_mean = 0.4938006898;
c_rgd_obs_mean = 0.8678485461;
ffr_obs_mean = 1.8664454385;
gdp_rgd_obs_mean = 0.7753572069;
gdpdef_obs_mean = 0.9483208244;
hours_dngs15_obs_mean = -44.6051662322;
ifi_rgd_obs_mean = 0.8896536230;
wage_rgd_obs_mean = 0.3387499781;
