baag10_obs_mean = 0.4878055527;
bbb1yffr_obs_mean = 0.2340227004;
blt_obs_mean = 1.9000000000;
c_rgd_obs_mean = 0.8798093797;
cd_def_obs_mean = 0.4417906099;
cd_nom_obs_mean = 1.6837194274;
cnds_def_obs_mean = 1.0949954321;
cnds_nom_obs_mean = 1.8676221656;
cnds_rim_obs_mean = 0.7726267336;
cpil_obs_mean = 473.8111123549;
credit_nom_obs_mean = 2.0486026492;
credit_rgd_obs_mean = 1.0797961552;
ffr_obs_mean = 1.8772141748;
g10ffr_obs_mean = 0.2396231592;
gdp_rgd_obs_mean = 0.7981506970;
gdpdef_obs_mean = 0.9641887801;
gdpl_rgd_obs_mean = 874.1058126356;
hours_cmr14_cql_obs_mean = -754.4506894017;
hours_cmr14_obs_mean = -754.4506894017;
hours_dngs15_cql_obs_mean = -44.7589996617;
hours_dngs15_obs_mean = -44.7589996617;
hours_frbedo08_cql_obs_mean = 1.0003874348;
hours_frbedo08_obs_mean = 1.0003874348;
hours_kr15_cql_obs_mean = 662.9241553894;
hours_kr15_obs_mean = 662.9241553894;
hours_sw07_cql_obs_mean = 0.0406756632;
hours_sw07_obs_mean = 0.0406756632;
ifi_rgd_obs_mean = 0.9885918277;
igid_rim_obs_mean = 1.2526565209;
igiddef_rgd_obs_mean = -0.3679028811;
inr_nom_obs_mean = 2.0393119922;
ir_nom_obs_mean = 1.7071577073;
mortffr_obs_mean = 0.5784179800;
mortgage_nom_obs_mean = 2.3504209345;
networth_rgd_cmr14_obs_mean = 1.0017265347;
networth_rgd_obs_mean = 2.5477752624;
unr_cql_obs_mean = 6.4292929293;
unr_obs_mean = 6.4292929293;
wage_rgd_obs_mean = 0.3319562353;
