blt_obs_mean = 10.7271505376;
cpil_obs_mean = 504.1566824804;
ffr_obs_mean = 1.2444131179;
gdpl_rgd_obs_mean = 905.0556929641;
unr_obs_mean = 5.7130000000;
