baag10_obs_mean = 0.4974985928;
bbb1yffr_obs_mean = 0.2217468084;
blt_obs_mean = 5.8875000000;
c_rgd_obs_mean = 0.8521277065;
c_winf_obs_mean = -0.0000558811;
cd_def_obs_mean = 0.3817886446;
cd_nom_obs_mean = 1.6447425141;
cnds_def_obs_mean = 1.0707636256;
cnds_nom_demean_obs_mean = -0.0000000000;
cnds_nom_obs_mean = 1.8150980618;
cnds_rim_obs_mean = 0.7443344362;
cpil_obs_mean = 477.2297404353;
credit_nom_obs_mean = 2.0237229695;
credit_rgd_obs_mean = 1.0784505579;
ffr_obs_mean = 1.8596095629;
fgs_obs_mean = -1.1197067282;
g10ffr_obs_mean = 0.2288928148;
gdp_rgd_obs_mean = 0.7694179951;
gdpdef_obs_mean = 0.9410740361;
gdpl_rgd_obs_mean = 876.3824302484;
h_winf_obs_mean = -0.0000397491;
hours_A16_obs_mean = 0.0000000000;
hours_cmr14_cql_obs_mean = -753.9676397599;
hours_cmr14_obs_mean = -753.9676397599;
hours_dngs15_cql_obs_mean = -44.5638576847;
hours_dngs15_obs_mean = -44.5720831103;
hours_frbedo08_cql_obs_mean = 1.0004742680;
hours_frbedo08_obs_mean = 1.0003951468;
hours_kr15_cql_obs_mean = 663.1263121467;
hours_kr15_obs_mean = 663.1263121467;
hours_sw07_cql_obs_mean = 0.0461843082;
hours_sw07_obs_mean = 0.0461843082;
hp_nom_obs_mean = 1.1546689428;
hp_r_obs_mean = 0.1330942583;
hwc_pd_obs_mean = 0.0007471520;
hwr_pd_obs_mean = 0.0021006624;
i_A16_obs_mean = -0.0000000000;
i_nom_obs_mean = -0.0001156860;
ifi_rgd_obs_mean = 0.8112701514;
igid_rim_obs_mean = 1.1314319649;
igiddef_rgd_obs_mean = -0.3992649080;
inr_nom_obs_mean = 1.8162550590;
ir_nom_obs_mean = 1.5968961711;
mortffr_obs_mean = 0.5686903966;
mortgage_nom_obs_mean = 2.3242708335;
networth_rgd_cmr14_obs_mean = 1.0018365649;
networth_rgd_obs_mean = 2.3413651384;
pi_dm_obs_mean = -0.0000000000;
rbi_obs_mean = 0.4518999596;
rc_obs_mean = 0.2066685259;
rri_obs_mean = -0.0410405573;
unr_cql_obs_mean = 6.3230000000;
unr_obs_mean = 6.3323232323;
wage_rgd_demean_obs_mean = 0.0000000000;
wage_rgd_obs_mean = 0.3446473254;
