baag10_obs = 0.4878055527;
bbb1yffr_obs = 0.2340227004;
blt_obs = 1.9000000000;
c_rgd_obs = 0.8798093797;
cd_def_obs = 0.4417906099;
cd_nom_obs = 1.6837194274;
cnds_def_obs = 1.0949954321;
cnds_nom_obs = 1.8676221656;
cpil_obs = 473.8111123549;
credit_nom_obs = 2.0486026492;
ffr_obs = 1.8772141748;
gdp_rgd_obs = 0.7981506970;
gdpdef_obs = 0.9641887801;
gdpl_rgd_obs = 874.1058126356;
hours_dngs15_obs = -44.7589996617;
hours_frbedo08_obs = 1.0003874348;
hours_kr15_obs = 662.9241553894;
hours_sw07_obs = 0.0406756632;
ifi_rgd_obs = 0.9885918277;
inr_nom_obs = 2.0393119922;
ir_nom_obs = 1.7071577073;
unr_obs = 6.4292929293;
wage_rgd_obs = 0.3319562353;
