baag10_obs_mean = 0.4544512982;
blt_obs_mean = 4.1283333333;
c_rgd_obs_mean = 0.8919824475;
cpil_obs_mean = 439.0849163213;
ffr_obs_mean = 1.7389046701;
gdp_rgd_obs_mean = 0.8185390222;
gdpdef_obs_mean = 1.0353548794;
gdpl_rgd_obs_mean = 856.2584869741;
hours_dngs15_cql_obs_mean = -44.6325238088;
hours_dngs15_obs_mean = -44.6484289245;
hours_sw07_cql_obs_mean = -0.0005145150;
hours_sw07_obs_mean = -0.0005145150;
ifi_rgd_obs_mean = 0.9108984080;
unr_cql_obs_mean = 5.9395143488;
unr_obs_mean = 5.9491111111;
wage_rgd_obs_mean = 0.3980996917;
