blt_obs_mean = 7.0085071429;
cpil_obs_mean = 531.2293533807;
ffr_obs_mean = 0.6154072636;
gdpl_rgd_obs_mean = 960.8461555391;
unr_obs_mean = 5.6716666667;
