baag10_obs_mean = 0.5415069761;
bbb1yffr_obs_mean = 0.3219858170;
blt_obs_mean = 10.1424863388;
c_rgd_obs_mean = 0.7846119399;
c_winf_obs_mean = 0.0000000000;
cd_def_obs_mean = -0.1183012622;
cd_nom_obs_mean = 1.0959341969;
cnds_def_obs_mean = 0.7379122941;
cnds_nom_demean_obs_mean = 0.0000000000;
cnds_nom_obs_mean = 1.4403104606;
cnds_rim_obs_mean = 0.7023981665;
cpil_obs_mean = 503.8331912986;
credit_nom_obs_mean = 1.6314145566;
credit_rgd_obs_mean = 1.0156868575;
emp_obs_mean = 0.3015248202;
ffr_obs_mean = 1.2565746982;
fgs_obs_mean = -1.0771083057;
g10ffr_obs_mean = 0.3480530633;
gdp_rgd_obs_mean = 0.6776968457;
gdpdef_obs_mean = 0.6167241981;
gdpl_rgd_obs_mean = 904.7704316421;
h_winf_obs_mean = 0.0000000000;
hours_A16_obs_mean = 0.0698517345;
hours_cmr14_cql_obs_mean = -752.5334767539;
hours_cmr14_obs_mean = -752.5334767539;
hours_dngs15_cql_obs_mean = -44.3542317449;
hours_dngs15_obs_mean = -44.3542317449;
hours_frbedo08_cql_obs_mean = 1.0002069666;
hours_frbedo08_obs_mean = 1.0002069666;
hours_kr15_cql_obs_mean = 663.8121247110;
hours_kr15_obs_mean = 663.8121247110;
hours_sw07_cql_obs_mean = 0.0213224470;
hours_sw07_obs_mean = 0.0213224470;
hp_nom_obs_mean = 0.7100033894;
hp_r_obs_mean = 0.1167112443;
hwc_pd_obs_mean = 0.0000000000;
hwr_pd_obs_mean = 0.0000000000;
i_A16_obs_mean = -0.0000000000;
i_nom_obs_mean = 0.0000000000;
ifi_rgd_obs_mean = 0.3399541293;
igid_rim_obs_mean = 0.7276057562;
igiddef_rgd_obs_mean = -0.4609204812;
inr_nom_obs_mean = 1.0220465602;
ir_nom_obs_mean = 0.7580391037;
mortffr_obs_mean = 0.7256399483;
mortgage_nom_obs_mean = 2.2324496415;
networth_rgd_cmr14_obs_mean = 1.0023232814;
networth_rgd_obs_mean = 1.6113581864;
pi_dm_obs_mean = -0.0000000000;
rbi_obs_mean = 0.3293225881;
rc_obs_mean = 0.2663465168;
rri_obs_mean = 0.1376402393;
unr_cql_obs_mean = 5.6808080808;
unr_obs_mean = 5.6808080808;
wage_rgd_demean_obs_mean = 0.0000000000;
wage_rgd_obs_mean = 0.3895599362;
