baag10_obs = 0.4896084058;
bbb1yffr_obs = 0.2279417844;
blt_obs = 3.1250000000;
c_rgd_obs = 0.8798200280;
cd_def_obs = 0.4273686226;
cd_nom_obs = 1.6958412159;
cnds_def_obs = 1.0951433691;
cnds_nom_obs = 1.8625297541;
cpil_obs = 475.3880822580;
credit_nom_obs = 2.0399169938;
ffr_obs = 1.8782283551;
gdp_rgd_obs = 0.7888309657;
gdpdef_obs = 0.9573141085;
gdpl_rgd_obs = 875.3054561416;
hours_dngs15_obs = -44.6882175266;
hours_frbedo08_obs = 1.0003563352;
hours_kr15_obs = 663.0010283234;
hours_sw07_obs = 0.0426666980;
ifi_rgd_obs = 0.9650101931;
inr_nom_obs = 2.0005531274;
ir_nom_obs = 1.6636782807;
unr_obs = 6.3766056667;
wage_rgd_obs = 0.3261295959;
