baag10_obs = 0.4918165112;
bbb1yffr_obs = 0.2240044338;
blt_obs = 4.1283333333;
c_rgd_obs = 0.8678485461;
cd_def_obs = 0.4061006822;
cd_nom_obs = 1.6807877701;
cnds_def_obs = 1.0878026037;
cnds_nom_obs = 1.8421488205;
cpil_obs = 476.5242109574;
credit_nom_obs = 2.0311452688;
ffr_obs = 1.8758122567;
gdp_rgd_obs = 0.7753572069;
gdpdef_obs = 0.9483208244;
gdpl_rgd_obs = 876.0047489402;
hours_dngs15_obs = -44.6289885532;
hours_frbedo08_obs = 1.0003642343;
hours_kr15_obs = 663.0666029475;
hours_sw07_obs = 0.0435439650;
ifi_rgd_obs = 0.8896536230;
inr_nom_obs = 1.8570672282;
ir_nom_obs = 1.7215283582;
unr_obs = 6.3456060000;
wage_rgd_obs = 0.3387499781;
