baag10_obs_mean = 0.5493660730;
c_rgd_obs_mean = 0.7846119399;
ffr_obs_mean = 1.2444131179;
gdp_rgd_obs_mean = 0.6776968457;
gdpdef_obs_mean = 0.6167241981;
hours_dngs15_obs_mean = -44.4266259555;
ifi_rgd_obs_mean = 0.3399541293;
wage_rgd_obs_mean = 0.3895599362;
