baag10_obs_mean = 0.4896084058;
bbb1yffr_obs_mean = 0.2279417844;
blt_obs_mean = 3.1250000000;
c_rgd_obs_mean = 0.8798200280;
cd_def_obs_mean = 0.4273686226;
cd_nom_obs_mean = 1.6958412159;
cnds_def_obs_mean = 1.0951433691;
cnds_nom_obs_mean = 1.8625297541;
cnds_rim_obs_mean = 0.7673863850;
cpil_obs_mean = 475.3880822580;
credit_nom_obs_mean = 2.0399169938;
credit_rgd_obs_mean = 1.0768433532;
ffr_obs_mean = 1.8782283551;
g10ffr_obs_mean = 0.2317180135;
gdp_rgd_obs_mean = 0.7888309657;
gdpdef_obs_mean = 0.9573141085;
gdpl_rgd_obs_mean = 875.3054561416;
hours_cmr14_cql_obs_mean = -754.2854266946;
hours_cmr14_obs_mean = -754.2854266946;
hours_dngs15_cql_obs_mean = -44.6583603898;
hours_dngs15_obs_mean = -44.6882175266;
hours_frbedo08_cql_obs_mean = 1.0006558164;
hours_frbedo08_obs_mean = 1.0003563352;
hours_kr15_cql_obs_mean = 663.0010283234;
hours_kr15_obs_mean = 663.0010283234;
hours_sw07_cql_obs_mean = 0.0426666980;
hours_sw07_obs_mean = 0.0426666980;
ifi_rgd_obs_mean = 0.9650101931;
igid_rim_obs_mean = 1.2073747417;
igiddef_rgd_obs_mean = -0.3782173812;
inr_nom_obs_mean = 2.0005531274;
ir_nom_obs_mean = 1.6636782807;
mortffr_obs_mean = 0.5728078402;
mortgage_nom_obs_mean = 2.3409052241;
networth_rgd_cmr14_obs_mean = 1.0017813464;
networth_rgd_obs_mean = 2.4583502535;
unr_cql_obs_mean = 6.3766666667;
unr_obs_mean = 6.3766056667;
wage_rgd_obs_mean = 0.3261295959;
