blt_obs_mean = 9.2241666667;
cpil_obs_mean = 502.7231723673;
ffr_obs_mean = 1.2948750837;
gdpl_rgd_obs_mean = 903.7109854443;
unr_obs_mean = 5.6910000000;
