baag10_obs_mean = 0.5294937503;
c_rgd_obs_mean = 0.8383366743;
ffr_obs_mean = 1.2948750837;
gdp_rgd_obs_mean = 0.7477051066;
gdpdef_obs_mean = 0.6301774495;
hours_dngs15_obs_mean = -44.3264940705;
ifi_rgd_obs_mean = 0.5887531989;
wage_rgd_obs_mean = 0.3781326187;
