baag10_obs = 0.4898065294;
bbb1yffr_obs = 0.2324489885;
blt_obs = 3.1250000000;
c_rgd_obs = 0.8798093797;
cd_def_obs = 0.4417906099;
cd_nom_obs = 1.6837194274;
cnds_def_obs = 1.0949954321;
cnds_nom_obs = 1.8676221656;
cpil_obs = 474.2396994133;
credit_nom_obs = 2.0486026492;
ffr_obs = 1.8730020331;
gdp_rgd_obs = 0.7921723943;
gdpdef_obs = 0.9602511082;
gdpl_rgd_obs = 874.5153822434;
hours_dngs15_obs = -44.7589996617;
hours_frbedo08_obs = 1.0003874348;
hours_kr15_obs = 662.9241553894;
hours_sw07_obs = 0.0406756632;
ifi_rgd_obs = 0.9885918277;
inr_nom_obs = 2.0309105490;
ir_nom_obs = 1.6946444121;
unr_obs = 6.4070000000;
wage_rgd_obs = 0.3319562353;
