blt_obs_mean = 3.1250000000;
cpil_obs_mean = 474.2396994133;
ffr_obs_mean = 1.8730020331;
gdpl_rgd_obs_mean = 874.5153822434;
unr_obs_mean = 6.4070000000;
