baag10_obs_mean = 0.4898065294;
bbb1yffr_obs_mean = 0.2324489885;
blt_obs_mean = 3.1250000000;
c_rgd_obs_mean = 0.8798093797;
cd_def_obs_mean = 0.4417906099;
cd_nom_obs_mean = 1.6837194274;
cnds_def_obs_mean = 1.0949954321;
cnds_nom_obs_mean = 1.8676221656;
cpil_obs_mean = 474.2396994133;
credit_nom_obs_mean = 2.0486026492;
ffr_obs_mean = 1.8730020331;
gdp_rgd_obs_mean = 0.7921723943;
gdpdef_obs_mean = 0.9602511082;
gdpl_rgd_obs_mean = 874.5153822434;
hours_dngs15_cql_obs_mean = -44.7215066042;
hours_dngs15_obs_mean = -44.7589996617;
hours_frbedo08_cql_obs_mean = 1.0007658971;
hours_frbedo08_obs_mean = 1.0003874348;
hours_kr15_cql_obs_mean = 662.9241553894;
hours_kr15_obs_mean = 662.9241553894;
hours_sw07_cql_obs_mean = 0.0406756632;
hours_sw07_obs_mean = 0.0406756632;
ifi_rgd_obs_mean = 0.9885918277;
inr_nom_obs_mean = 2.0309105490;
ir_nom_obs_mean = 1.6946444121;
mortffr_obs_mean = 0.5784179800;
mortgage_nom_obs_mean = 2.3504209345;
unr_cql_obs_mean = 6.4070000000;
unr_obs_mean = 6.4074710000;
wage_rgd_obs_mean = 0.3319562353;
