%1959Q1-2007Q1 (see ACELdata.xls)
%hours		     log(cy)		    log(iy)		       log(y/h)-log(w)
dd=[60.12		-0.272059884		-1.437226503		-0.507788768
61.27		-0.283494681		-1.399759911		-0.510934237
61.09		-0.271774196		-1.441387481		-0.512924923
61.099		-0.270680117		-1.444048982		-0.515092627
61.476		-0.296004072		-1.381938706		-0.515734391
61.585		-0.278788079		-1.446823948		-0.524929159
61.236		-0.273104281		-1.464322335		-0.519600615
60.667		-0.251178019		-1.555712513		-0.524665462
60.327		-0.247883522		-1.566609975		-0.519740275
60.186		-0.25710908		-1.530109032		-0.510627843
60.54		-0.265956438		-1.484521058		-0.504791833
61.309		-0.269303843		-1.477240743		-0.500941813
61.534		-0.27480241		-1.453800243		-0.497005204
62.268		-0.274960411		-1.468454077		-0.502983
62.138		-0.271097201		-1.465998143		-0.496185531
61.742		-0.264084942		-1.48116641		-0.493596539
62.118		-0.273834176		-1.455714188		-0.494055805
62.511		-0.281592449		-1.449089203		-0.491068491
62.68		-0.276894711		-1.445557512		-0.483414937
63.167		-0.28269584		-1.437296916		-0.487280942
64.34		-0.289325458		-1.427142013		-0.479909663
64.62		-0.286670643		-1.432901118		-0.481100641
65.034		-0.287035997		-1.427240649		-0.483013532
65.665		-0.285710463		-1.43419682		-0.492484325
66.691		-0.303668504		-1.365384702		-0.482583436
67.352		-0.302812676		-1.383614718		-0.481442579
67.511		-0.300263182		-1.375323324		-0.470345393
68.15		-0.299028249		-1.381889362		-0.464144567
69.134		-0.309365034		-1.346116061		-0.465172229
69.812		-0.300111004		-1.375961978		-0.478843621
70.139		-0.292651969		-1.383022683		-0.480505942
69.95		-0.293688594		-1.386170468		-0.474209746
69.872		-0.282843976		-1.424044094		-0.472610889
69.444		-0.277480988		-1.44088857		-0.477284443
69.672		-0.276791091		-1.433628174		-0.476909089
69.989		-0.278190054		-1.426002998		-0.477126721
70.113		-0.280773386		-1.412431362		-0.475437863
70.786		-0.285251938		-1.402123473		-0.474351759
71.281		-0.279665563		-1.416549512		-0.481173333
71.721		-0.280481034		-1.412590309		-0.488897233
72.393		-0.289278907		-1.382347944		-0.485114084
73.063		-0.285942319		-1.39648645		-0.49454096
73.413		-0.285510156		-1.397292908		-0.496617927
73.19		-0.277711373		-1.430456589		-0.504839557
72.902		-0.267795284		-1.462771886		-0.50672174
71.941		-0.270917971		-1.460193891		-0.494556098
71.576		-0.267737004		-1.464150444		-0.489683259
71.029		-0.251463687		-1.51688583		-0.490674382
71.364		-0.280213597		-1.425569706		-0.473280384
71.594		-0.281061793		-1.406057672		-0.473280272
71.595		-0.283215629		-1.399103158		-0.469650247
72.361		-0.277631737		-1.411707907		-0.477255647
73.243		-0.284272248		-1.38478366		-0.480225995
73.768		-0.291850959		-1.360128556		-0.471157299
74.183		-0.297196127		-1.35053276		-0.471490831
74.958		-0.298672053		-1.344745358		-0.472897582
76.09		-0.310223002		-1.317645989		-0.477046019
76.886		-0.317197141		-1.309368417		-0.476070082
77.405		-0.311148678		-1.336655684		-0.48799995
77.79		-0.315551781		-1.330556584		-0.485436371
77.458		-0.294941716		-1.38229408		-0.494533342
77.661		-0.288467857		-1.376446025		-0.497062117
77.391		-0.277388734		-1.399189189		-0.502563744
76.112		-0.276373355		-1.421542032		-0.485680584
73.724		-0.259298904		-1.523435537		-0.470853526
73.044		-0.259112209		-1.53770838		-0.459081702
73.712		-0.265501886		-1.487647657		-0.450862458
74.977		-0.27006913		-1.475928391		-0.455541441
76.218		-0.280300306		-1.419678591		-0.460494803
76.244		-0.284860416		-1.393690474		-0.463453286
76.548		-0.282491483		-1.39300781		-0.470836215
76.958		-0.282303962		-1.388684102		-0.47195484
77.777		-0.283890647		-1.354474763		-0.471617324
79.261		-0.29508729		-1.324064085		-0.476353154
80.109		-0.303417118		-1.303323132		-0.476649262
80.892		-0.298602123		-1.301353067		-0.483031699
81.265		-0.292406393		-1.303664663		-0.497988598
83.642		-0.313800967		-1.275429598		-0.487215353
84.346		-0.31584072		-1.269510598		-0.488016362
85.369		-0.322682768		-1.263787521		-0.489788674
85.975		-0.319788618		-1.269251017		-0.504745719
86.324		-0.314032439		-1.279241972		-0.504295365
87.047		-0.310249313		-1.288739057		-0.506237574
87.217		-0.300023784		-1.312030684		-0.510498596
87.01		-0.291689652		-1.323886314		-0.512704753
85.492		-0.274421419		-1.40422427		-0.519476545
85.1		-0.271191599		-1.445502489		-0.519945435
86.15		-0.281200784		-1.396667147		-0.513115297
86.625		-0.296070417		-1.343429053		-0.499542012
86.656		-0.285405482		-1.375689398		-0.506324715
86.626		-0.300271341		-1.340395146		-0.498361519
86.292		-0.284641607		-1.377076558		-0.503605767
84.903		-0.265913294		-1.432927947		-0.51566281
85.232		-0.268228404		-1.441153417		-0.510442595
84.628		-0.255307845		-1.450910211		-0.508286934
83.863		-0.239003022		-1.50725042		-0.50062743
84.354		-0.242100369		-1.503885272		-0.49586749
85.296		-0.25059714		-1.449469519		-0.485814395
86.974		-0.252309945		-1.422289568		-0.480925948
88.601		-0.270168866		-1.362093587		-0.482573181
90.301		-0.280185393		-1.31185645		-0.482291139
91.5		-0.280628598		-1.304155913		-0.479612388
91.919		-0.281484102		-1.304053617		-0.480203787
92.526		-0.276194819		-1.31651725		-0.479905205
93.283		-0.271572693		-1.346485624		-0.480042432
93.887		-0.266184015		-1.3420091		-0.480171188
94.142		-0.263806178		-1.348191664		-0.477166747
94.587		-0.261240365		-1.342871282		-0.485139914
94.452		-0.26175336		-1.349405666		-0.482506959
94.23		-0.259602418		-1.354822493		-0.479470765
94.706		-0.257385469		-1.354904547		-0.478937396
95.425		-0.255609889		-1.366539611		-0.491433415
96.568		-0.250565404		-1.377275378		-0.490097875
97.119		-0.25045887		-1.374256237		-0.488976652
97.797		-0.25236368		-1.371760614		-0.489639395
98.806		-0.260501604		-1.35017818		-0.487684388
98.894		-0.25698487		-1.37911087		-0.490970327
100.308		-0.261430435		-1.381172005		-0.494261558
100.582		-0.25891551		-1.395703899		-0.491881734
101.698		-0.258809291		-1.391198156		-0.488384039
102.698		-0.265090117		-1.381591532		-0.480063207
103.108		-0.262116775		-1.39678168		-0.470580766
103.34		-0.261778742		-1.407985283		-0.466779512
103.354		-0.2540221		-1.430129324		-0.470462859
103.599		-0.25548156		-1.426778205		-0.46833693
103.061		-0.251053275		-1.451374623		-0.470158565
102.371		-0.242350141		-1.475611661		-0.469732695
101.866		-0.228294601		-1.525017314		-0.473431317
100.793		-0.226886962		-1.56046984		-0.464426687
100.169		-0.227099861		-1.573911338		-0.463708943
100.048		-0.230664806		-1.561812946		-0.461364673
99.924		-0.233043439		-1.554121258		-0.460957524
99.439		-0.228925961		-1.575420703		-0.458676585
99.838		-0.233225844		-1.54466691		-0.455435397
100.024		-0.232710365		-1.542678288		-0.457913766
100.7		-0.235253346		-1.529417745		-0.452382049
101.571		-0.23772347		-1.517603281		-0.453765396
102.771		-0.237937645		-1.506841304		-0.458591472
103.249		-0.23622199		-1.509447918		-0.458020453
104.095		-0.243844718		-1.481604541		-0.451181131
104.51		-0.250165782		-1.458620811		-0.450281626
106.28		-0.255666126		-1.431061677		-0.447775981
107.549		-0.250658092		-1.445033929		-0.447118394
108.196		-0.258870747		-1.417785285		-0.442430893
108.932		-0.257083847		-1.423862904		-0.447838793
108.994		-0.249633726		-1.441845133		-0.448711087
110.122		-0.253916577		-1.449225836		-0.452369451
110.23		-0.258731125		-1.438424093		-0.450229981
110.055		-0.255972177		-1.440144458		-0.44522639
110.966		-0.260460361		-1.419741071		-0.443154879
111.833		-0.2629136		-1.402261076		-0.446902096
113.213		-0.265008876		-1.411867317		-0.446406017
114.487		-0.266005434		-1.40131954		-0.449588383
115.121		-0.272939475		-1.388041256		-0.446215626
115.767		-0.275747544		-1.374847227		-0.445809811
116.34		-0.275153461		-1.369763511		-0.457308528
117.008		-0.278658502		-1.353879156		-0.468188541
117.509		-0.27050901		-1.363490713		-0.47785511
