%this is data from Fujita Ramey spliced with Shimers data prior 1976Q1
%sample: 1948Q1 to 2008Q4

spliced_separations=[0.048269549
0.043654116
0.046703651
0.048378105
0.053941952
0.057519831
0.06048975
0.056965317
0.047736495
0.045919099
0.040630031
0.043885256
0.040877919
0.040285158
0.044016952
0.039650382
0.042230454
0.042459003
0.040633965
0.036399623
0.039287164
0.034798505
0.04108887
0.0506971
0.05264521
0.049407898
0.047556248
0.044130984
0.037768124
0.040673559
0.043302707
0.041420952
0.042608425
0.04477365
0.042002388
0.043127207
0.039274839
0.041589883
0.042112297
0.045534861
0.052167379
0.049575974
0.046179046
0.04495554
0.042476019
0.043404803
0.04602253
0.048163087
0.045718387
0.048228424
0.04690031
0.051284161
0.049834548
0.047151499
0.048346399
0.046395803
0.044084591
0.042605934
0.046512177
0.047898638
0.047462039
0.047336082
0.045708113
0.048808276
0.047169429
0.043414708
0.046006866
0.043653724
0.046618167
0.04535659
0.043167574
0.04032758
0.04268805
0.046178163
0.043850322
0.042208908
0.043176119
0.044974971
0.04464732
0.042331716
0.04373608
0.044990914
0.042967864
0.042169383
0.041303641
0.045148113
0.045069903
0.042439621
0.050914276
0.052030206
0.055258874
0.054910145
0.050587162
0.051061915
0.053237813
0.053223781
0.050165439
0.050722019
0.053287894
0.047473975
0.050705742
0.052907916
0.050180145
0.052250263
0.053754613
0.054924504
0.058676719
0.065148678
0.060883006
0.058870219
0.057828508
0.054704084
0.05573018
0.0569718
0.058443867
0.059210004
0.058810044
0.056885786
0.056281089
0.054636799
0.05462916
0.052080817
0.055148968
0.050321978
0.051689533
0.054923762
0.054411978
0.053806222
0.058407194
0.059539481
0.062193961
0.058253966
0.061180053
0.063281394
0.061950888
0.075128845
0.074104132
0.076665525
0.078473177
0.076757863
0.069132083
0.06925023
0.067067847
0.062721493
0.061328173
0.057654703
0.061794294
0.058018823
0.062792152
0.06540659
0.064162016
0.060059432
0.063008762
0.06382911
0.061047896
0.063698931
0.062717088
0.059986174
0.059320564
0.058278897
0.055324502
0.057458496
0.056775533
0.053680075
0.055788717
0.057362362
0.055341269
0.057516076
0.0551145
0.052300928
0.054425492
0.056851582
0.060372116
0.05802597
0.058027803
0.057168085
0.057644895
0.057448842
0.057073939
0.056865992
0.053843529
0.053939947
0.052879403
0.053076008
0.053354271
0.05248994
0.052477198
0.049736959
0.051818859
0.051807243
0.052861507
0.049445217
0.049365808
0.048858374
0.048094751
0.046885791
0.048859965
0.047899541
0.04466295
0.04712216
0.047293671
0.044650396
0.047106442
0.045834172
0.044345121
0.044942935
0.042686863
0.043865159
0.044062224
0.0423885
0.045139917
0.03906317
0.045734041
0.047982584
0.048363526
0.052174095
0.051015119
0.048685725
0.048564883
0.04963708
0.048678453
0.049055089
0.048262225
0.045435389
0.04445485
0.044841541
0.04622175
0.045931067
0.044643192
0.043282668
0.043965161
0.041712223
0.040923106
0.0441684
0.043678589
0.043473891
0.044648909
0.041906603
0.042401192
0.04299613
0.044758251
0.046601823
0.049916863
0.056573548
];

spliced_findings=[1.020223906
1.055918807
1.05061881
1.015987205
0.917646623
0.790290157
0.750767264
0.863813026
0.780465387
0.850330697
0.903920978
0.993918361
1.086995083
1.08152529
1.08609983
1.059331583
1.161198333
1.118517102
1.09993015
1.090113747
1.196719346
1.126466103
1.131837506
0.949840296
0.824965092
0.817640407
0.762130353
0.854548042
0.788234832
0.928355174
0.914782995
0.927171781
0.95084134
0.908973092
0.981460934
0.908553967
0.941290535
0.89669429
0.878596236
0.742622667
0.663221301
0.657846841
0.682407001
0.751376136
0.777964385
0.812677018
0.772118291
0.846841631
0.826982613
0.83029046
0.751568197
0.735709768
0.692615074
0.663756947
0.73663877
0.784193838
0.778408621
0.762690881
0.798755534
0.786853004
0.785288558
0.791821639
0.799281275
0.817884239
0.828250093
0.830127416
0.842830339
0.848259383
0.877362779
0.930474609
0.927229043
0.922988575
1.003243874
1.033823589
1.027568121
0.979065264
1.005663124
1.016363704
0.99548717
0.999072519
1.041444483
1.050100676
1.074401961
1.055094033
1.041892309
1.083966207
1.03939712
1.004982859
0.976551727
0.930044655
0.910453457
0.833531923
0.809422573
0.806588991
0.838308213
0.827610118
0.821839582
0.839668364
0.878220594
0.887587769
0.90976666
0.973836507
0.953412297
0.919154832
0.945192935
0.90756014
0.899091932
0.756357025
0.667796082
0.656686162
0.680311372
0.673781258
0.712589738
0.69594592
0.748504761
0.712861165
0.755761537
0.768016513
0.781781453
0.785904963
0.832607901
0.851542876
0.822719925
0.799795938
0.855345905
0.850206999
0.846749255
0.810022833
0.791442974
0.756517849
0.754570479
0.761165962
0.738220477
0.751386224
0.717931161
0.71281101
0.670287582
0.634267229
0.619673741
0.572060548
0.571945921
0.606403041
0.638197311
0.63925272
0.688369093
0.705226786
0.694886929
0.688395209
0.758290251
0.726449946
0.75633391
0.743139285
0.801129805
0.752224209
0.737204892
0.789824654
0.805143454
0.821149494
0.837933496
0.847378015
0.806186913
0.889719105
0.875296118
0.825821925
0.869374058
0.863988604
0.882937915
0.869857309
0.88246372
0.815988334
0.770746511
0.767913359
0.74020628
0.744357495
0.723741527
0.677315157
0.694732171
0.669017254
0.663774997
0.684926287
0.673664745
0.688685605
0.693022808
0.727278892
0.743813426
0.759095399
0.792359611
0.813244981
0.823876807
0.803241739
0.810284018
0.787318643
0.796639315
0.785608883
0.827898411
0.807845996
0.851372997
0.845928977
0.83544769
0.875479806
0.860686807
0.902822614
0.892589538
0.886853141
0.922661394
0.875702758
0.91430173
0.947211668
0.963316308
0.936462725
0.938818298
0.912393033
0.900104612
0.892249283
0.853012836
0.780923964
0.774803012
0.713441132
0.737256167
0.695169119
0.696311707
0.691695778
0.674752891
0.714717645
0.699555253
0.730460939
0.752985468
0.771445357
0.75461944
0.756675827
0.758620595
0.765096289
0.790315973
0.814891091
0.834034348
0.837894601
0.859497598
0.786140166
0.785396082
0.784574445
0.767578059
0.736248456
0.690581131
0.618411525
];