%US_data

%sample 1948Q1 to 2008Q4

GDPnom=[
    260.3
267.3
273.8
275.1
269.9
266.2
267.6
265.2
275.2
284.5
301.9
313.3
329
336.6
343.5
347.9
351.2
352.1
358.5
371.4
378.4
382
381.1
375.9
375.2
376
380.8
389.4
402.6
410.9
419.4
426
428.3
434.2
439.2
448.1
457.2
459.2
466.4
461.5
453.9
458
471.7
485
495.5
508.5
509.3
513.2
527
526.2
529
523.7
528
539
549.5
562.6
576.1
583.2
590
593.3
602.5
611.2
623.9
633.5
649.6
658.9
670.5
675.6
695.7
708.1
725.2
747.5
770.8
779.9
793.1
806.9
817.8
822.3
837
852.7
879.8
904.1
919.3
936.2
960.9
976.1
996.3
1004.5
1017.1
1033.1
1050.5
1052.7
1098.1
1118.8
1139.1
1151.4
1190.1
1225.6
1249.3
1286.6
1335.1
1371.5
1390.7
1431.8
1446.5
1484.8
1513.7
1552.8
1569.4
1605
1662.4
1713.9
1771.9
1804.2
1837.7
1884.5
1938.5
2005.2
2066
2110.8
2149.1
2274.7
2335.2
2416
2463.3
2526.4
2599.7
2659.4
2724.1
2728
2785.2
2915.3
3051.4
3084.3
3177
3194.7
3184.9
3240.9
3274.4
3312.5
3381
3482.2
3587.1
3688.1
3807.4
3906.3
3976
4034
4117.2
4175.7
4258.3
4318.7
4382.4
4423.2
4491.3
4543.3
4611.1
4686.7
4764.5
4883.1
4948.6
5059.3
5142.8
5251
5360.3
5453.6
5532.9
5581.7
5708.1
5797.4
5850.6
5846
5880.2
5962
6033.7
6092.5
6190.7
6295.2
6389.7
6493.6
6544.5
6622.7
6688.3
6813.8
6916.3
7044.3
7131.8
7248.2
7307.7
7355.8
7452.5
7542.5
7638.2
7800
7892.7
8023
8137
8276.8
8409.9
8505.7
8600.6
8698.6
8847.2
9027.5
9148.6
9252.6
9405.1
9607.7
9709.5
9949.1
10017.5
10129.8
10165.1
10301.3
10305.2
10373.1
10498.7
10601.9
10701.7
10766.9
10888.4
11008.1
11255.7
11416.5
11597.2
11778.4
11950.5
12144.9
12379.5
12516.8
12741.6
12915.6
13183.5
13347.8
13452.9
13611.5
13795.6
13997.2
14179.9
14337.9
14373.9
14497.8
14546.7
14347.3
];



POP=1/1e6*[102712.1547 %in billions
102929.451
103205.6356
103396.8016
103601.3947
103864.257
104118.9784
104396.4179
104745.6898
105043.169
105245.9579
104956.3752
104695.4654
104524.0741
104549.6492
104727.2271
104857.5364
105016.3137
105358.9813
105690.0784
106659.1454
106907.9448
107160.771
107496.1232
107862.1221
108174.8641
108464.6555
108782.4215
109116.6811
109530.9246
109901.3015
110182.9622
110472.6052
110786.1219
111128.2193
111426.9195
111710.0308
112046.1137
112444.8666
112861.2367
113225.1223
113532.986
113860.7645
114280.4684
114701.3895
115139.7663
115565.4972
115915.3299
116695.677
117037.1255
117424.0363
117821.6025
118244.1591
118637.8332
119011.4213
119184.8808
119371.0335
119823.9762
120375.819
121037.7944
121634.8522
122174.3016
122676.32
123177.0218
123704.8076
124212.7561
124745.2966
125275.2136
125811.0413
126335.9479
126751.7379
127154.3508
127506.9243
127881.2885
128241.3913
128601.8535
129036.727
129540.219
130176.2173
130742.8411
131256.0127
131723.7473
132265.0085
132869.908
133458.9268
134026.9768
134614.5397
135243.974
135927.7846
136676.0305
137478.0996
138265.9697
139010.2859
139819.8455
140623.4674
141412.8099
142985.0381
143747.6293
144538.9273
145227.823
145949.1078
146710.5624
147487.4057
148235.0249
148978.7564
149744.0477
150498.8758
151255.3444
151985.9964
152713.4102
153573.5028
154330.6611
155078.0816
155787.2056
156518.2881
157210.7395
157913.3852
158672.068
159420.2635
160126.8105
160829.1191
161548.4097
162256.5406
163009.8667
163754.4475
164470.0461
165194.5983
166040.3676
166758.4325
167435.8309
168109.7996
168681.6936
169271.176
169853.5791
170417.429
170980.6674
171485.965
172030.2158
172533.0999
173040.4898
173489.4697
173960.1038
174468.3799
174949.591
175657.8067
176121.9757
176619.0529
177140.27
177493.6042
177938.9383
178439.3922
178957.1133
179790.1424
180308.4696
180864.4807
181391.3959
181958.2815
182509.9077
183049.7001
183497.172
183919.0702
184371.2238
184878.7281
185281.6347
185721.5662
186163.9598
186644.3029
187034.0371
188472.3671
188910.325
189395.7699
189866.4424
190231.5607
190661.9438
191159.9704
191632.6048
192045.8397
192526.3075
193054.5683
193582.2708
194089.2259
194584.6685
195087.8005
195584.4784
196071.5188
196554.9602
197066.1038
197569.3313
197863.5359
198324.3369
198825.3871
199335.9527
199742.9528
200296.7798
200879.2676
201461.5346
202345.1211
202833.9883
203411.5596
203961.8541
204325.7042
204887.041
205543.2416
206134.1582
206800.1935
207402.6234
208111.7642
208697.1247
211510.8978
212213.7189
212989.7721
213576.1339
214046.6726
214715.8324
215484.4897
216099.2938
216634.1848
217203.7358
217916.0742
218495.3119
220110.2313
220793.0933
221541.5807
222210.0201
222370.714
223010.9202
223693.1843
224342.2521
225062.0024
225721.634
226422.2448
227124.962
227783.7526
228489.5823
229156.7255
229829.9789
230855.9185
231543.5588
232193.6098
232880.9351
232814.3354
233474.7145
234092.9617
234771.165
];


PGDP=[14.264
14.422
14.679
14.676
14.634
14.541
14.419
14.416
14.362
14.421
14.714
14.964
15.48
15.568
15.619
15.821
15.838
15.905
16.025
16.081
16.096
16.133
16.187
16.241
16.309
16.334
16.324
16.343
16.407
16.497
16.617
16.727
16.891
17.05
17.244
17.348
17.55
17.671
17.809
17.904
18.056
18.134
18.179
18.199
18.267
18.309
18.369
18.446
18.483
18.561
18.646
18.726
18.75
18.786
18.835
18.884
18.992
19.04
19.091
19.159
19.213
19.232
19.266
19.382
19.452
19.518
19.614
19.704
19.788
19.876
19.963
20.086
20.209
20.401
20.591
20.772
20.874
21.002
21.194
21.426
21.658
21.9
22.111
22.418
22.644
22.946
23.279
23.571
23.898
24.241
24.432
24.742
25.115
25.451
25.705
25.909
26.333
26.486
26.728
27.041
27.394
27.851
28.383
28.869
29.465
30.125
31.063
32.022
32.76
33.237
33.857
34.454
34.841
35.208
35.68
36.291
36.901
37.491
38.009
38.652
39.29
40.048
40.741
41.571
42.334
43.364
44.26
45.136
46.126
47.156
48.232
49.591
50.894
51.802
52.754
53.674
54.43
55.105
55.87
56.463
56.946
57.362
57.947
58.366
59.091
59.624
60.111
60.466
61.157
61.471
61.763
62.142
62.457
62.769
63.165
63.622
64.122
64.482
64.99
65.456
65.982
66.618
67.408
67.952
68.662
69.346
69.816
70.256
71.109
71.936
72.604
73.202
73.985
74.503
75.067
75.492
75.919
76.371
76.71
77.146
77.62
78.042
78.409
78.816
79.25
79.633
80.08
80.503
80.985
81.346
81.691
82.11
82.554
82.859
83.269
83.65
84.075
84.45
84.686
85.007
85.134
85.344
85.663
85.888
86.252
86.615
86.919
87.275
87.939
88.386
88.908
89.359
89.977
90.603
90.891
91.144
91.469
91.873
92.282
92.828
93.501
93.78
94.304
94.813
95.624
96.441
97.146
97.864
98.774
99.445
100.47
101.312
102.071
102.98
103.763
104.237
105.327
106.026
106.46
107.072
107.577
108.061
109.13
109.155
];



%manufacturing
