baag10_obs_mean = 0.4805558452;
bbb1yffr_obs_mean = 0.1610148879;
blt_obs_mean = 9.2241666667;
c_rgd_obs_mean = 0.8574907351;
cd_def_obs_mean = 0.3485131123;
cd_nom_obs_mean = 1.6501189502;
cnds_def_obs_mean = 1.0500559741;
cnds_nom_obs_mean = 1.8446892514;
cnds_rim_obs_mean = 0.7946332772;
cpil_obs_mean = 453.2521962251;
credit_nom_obs_mean = 2.0963267248;
credit_rgd_obs_mean = 1.1322351457;
ffr_obs_mean = 1.5687817597;
g10ffr_obs_mean = 0.2081197756;
gdp_rgd_obs_mean = 0.7829578918;
gdpdef_obs_mean = 0.9644117807;
gdpl_rgd_obs_mean = 872.7543073572;
hours_cmr14_cql_obs_mean = -754.4472294306;
hours_cmr14_obs_mean = -754.4472294306;
hours_dngs15_cql_obs_mean = -45.0293638861;
hours_dngs15_obs_mean = -45.0163877788;
hours_frbedo08_cql_obs_mean = 0.9998702202;
hours_frbedo08_obs_mean = 1.0000000000;
hours_kr15_cql_obs_mean = 663.0462205906;
hours_kr15_obs_mean = 663.0462205906;
hours_sw07_cql_obs_mean = -0.0010379136;
hours_sw07_obs_mean = -0.0010379136;
ifi_rgd_obs_mean = 0.7709189582;
igid_rim_obs_mean = 1.0452271011;
igiddef_rgd_obs_mean = -0.3346181294;
inr_nom_obs_mean = 1.8409675837;
ir_nom_obs_mean = 1.4811596227;
mortffr_obs_mean = 0.5655219644;
mortgage_nom_obs_mean = 2.2745891920;
networth_rgd_cmr14_obs_mean = 1.0020954446;
networth_rgd_obs_mean = 1.5707050748;
unr_cql_obs_mean = 5.8422222222;
unr_obs_mean = 5.8385474860;
wage_rgd_obs_mean = 0.3860844246;
