baag10_obs_mean = 0.5486157223;
bbb1yffr_obs_mean = 0.3281572064;
blt_obs_mean = 10.7271505376;
c_rgd_obs_mean = 0.7207762976;
c_winf_obs_mean = -0.0000000000;
cd_def_obs_mean = -0.4877880931;
cd_nom_obs_mean = 0.8480714326;
cnds_def_obs_mean = 0.6540651472;
cnds_nom_obs_mean = 1.3055469741;
cnds_rim_obs_mean = 0.6920146484;
cpil_obs_mean = 504.8780823330;
credit_nom_obs_mean = 1.5923585175;
credit_rgd_obs_mean = 0.9788881747;
ffr_obs_mean = 1.2282558582;
g10ffr_obs_mean = 0.3522505709;
gdp_rgd_obs_mean = 0.6717640594;
gdpdef_obs_mean = 0.6059597501;
gdpl_rgd_obs_mean = 918.6100339753;
h_winf_obs_mean = -0.0000000000;
hours_cmr14_cql_obs_mean = -752.6246293835;
hours_cmr14_obs_mean = -752.6246293835;
hours_dngs15_cql_obs_mean = -44.4980181584;
hours_dngs15_obs_mean = -44.4137858329;
hours_frbedo08_cql_obs_mean = 0.9994060732;
hours_frbedo08_obs_mean = 1.0002160873;
hours_kr15_cql_obs_mean = 663.7501279200;
hours_kr15_obs_mean = 663.7501279200;
hours_sw07_cql_obs_mean = 0.0237720015;
hours_sw07_obs_mean = 0.0237720015;
hp_r_obs_mean = 0.1126097925;
hwc_pd_obs_mean = 0.0000000000;
hwr_pd_obs_mean = -0.0000000000;
i_nom_obs_mean = 0.0000000000;
ifi_rgd_obs_mean = 0.3389795345;
igid_rim_obs_mean = 0.6803355601;
igiddef_rgd_obs_mean = -0.4974709207;
inr_nom_obs_mean = 1.0100191299;
ir_nom_obs_mean = 0.6322754601;
mortffr_obs_mean = 0.7346237714;
mortgage_nom_obs_mean = 2.2035829007;
networth_rgd_cmr14_obs_mean = 1.0023654353;
networth_rgd_obs_mean = 1.6966464698;
pi_dm_obs_mean = -0.0000000000;
rbi_obs_mean = 0.3374083821;
rc_obs_mean = 0.2664723598;
rri_obs_mean = 0.1363011781;
unr_cql_obs_mean = 5.7363333333;
unr_obs_mean = 5.7386013333;
wage_rgd_obs_mean = 0.3619694759;
