blt_obs_mean = 10.7271505376;
cpil_obs_mean = 503.8331912986;
ffr_obs_mean = 1.2444131179;
gdpl_rgd_obs_mean = 904.7704316421;
unr_obs_mean = 5.7130000000;
