baag10_obs = 0.5493660730;
bbb1yffr_obs = 0.3294108172;
blt_obs = 10.7271505376;
c_rgd_obs = 0.7846119399;
cd_def_obs = -0.1183012622;
cd_nom_obs = 1.0959341969;
cnds_def_obs = 0.7379122941;
cnds_nom_obs = 1.4403104606;
cpil_obs = 503.8331912986;
credit_nom_obs = 1.6314145566;
ffr_obs = 1.2444131179;
gdp_rgd_obs = 0.6776968457;
gdpdef_obs = 0.6167241981;
gdpl_rgd_obs = 904.7704316421;
hours_dngs15_obs = -44.3542317449;
hours_frbedo08_obs = 1.0002069666;
hours_kr15_obs = 663.8121247110;
hours_sw07_obs = 0.0213224470;
ifi_rgd_obs = 0.3399541293;
inr_nom_obs = 1.0220465602;
ir_nom_obs = 0.7580391037;
unr_obs = 5.7130000000;
wage_rgd_obs = 0.3895599362;
