baag10_obs_mean = 0.6151777033;
bbb1yffr_obs_mean = 0.2821254457;
blt_obs_mean = 7.0796127946;
c_rgd_obs_mean = 0.6592796313;
c_winf_obs_mean = 0.0000000000;
cd_def_obs_mean = -0.4952667425;
cd_nom_obs_mean = 0.9224849175;
cnds_def_obs_mean = 0.5687524870;
cnds_nom_demean_obs_mean = 0.0000000000;
cnds_nom_obs_mean = 1.1507595235;
cnds_rim_obs_mean = 0.5820070365;
cpil_obs_mean = 530.9820866778;
credit_nom_obs_mean = 1.3882402986;
credit_rgd_obs_mean = 0.9220549564;
emp_obs_mean = 0.2418761615;
ffr_obs_mean = 0.6176847059;
fgs_obs_mean = -1.0654149011;
g10ffr_obs_mean = 0.3625753720;
gdp_rgd_obs_mean = 0.6064808755;
gdpdef_obs_mean = 0.4650290163;
gdpl_rgd_obs_mean = 960.5841463322;
h_winf_obs_mean = 0.0000000000;
hours_A16_obs_mean = -0.0273929742;
hours_cmr14_obs_mean = -771.4806596938;
hours_dngs15_obs_mean = -47.2383832538;
hours_frbedo08_obs_mean = 0.9995565909;
hours_kr15_obs_mean = 661.0253143844;
hours_sw07_obs_mean = -0.0498231372;
hp_nom_obs_mean = 0.7742687111;
hp_r_obs_mean = 0.1915564655;
hwc_pd_obs_mean = -0.0000000000;
hwr_pd_obs_mean = 0.0000000000;
i_A16_obs_mean = 0.0000000000;
i_nom_obs_mean = 0.0000000000;
ifi_rgd_obs_mean = 0.6130320680;
igid_rim_obs_mean = 0.9638182706;
igiddef_rgd_obs_mean = -0.4293184362;
inr_nom_obs_mean = 1.1207120678;
ir_nom_obs_mean = 0.9413252892;
mortffr_obs_mean = 0.8082075500;
mortgage_nom_obs_mean = 1.2167457252;
networth_rgd_cmr14_obs_mean = 1.0020266811;
networth_rgd_obs_mean = 1.8965878716;
pi_dm_obs_mean = 0.0000000000;
rbi_obs_mean = 0.4438804414;
rc_obs_mean = 0.2284156551;
rri_obs_mean = 0.0264796598;
unr_obs_mean = 5.6925925926;
wage_rgd_demean_obs_mean = 0.0000000000;
wage_rgd_obs_mean = 0.3559453120;
