baag10_obs_mean = 0.6199166329;
c_rgd_obs_mean = 0.6298367242;
ffr_obs_mean = 0.5997205900;
gdp_rgd_obs_mean = 0.5912106482;
gdpdef_obs_mean = 0.4630123615;
hours_dngs15_obs_mean = -47.4814036724;
ifi_rgd_obs_mean = 0.6083697108;
wage_rgd_obs_mean = 0.3520739098;
