blt_obs_mean = 5.8875000000;
cpil_obs_mean = 477.2297404353;
ffr_obs_mean = 1.8596095629;
gdpl_rgd_obs_mean = 876.3824302484;
unr_obs_mean = 6.3230000000;
