baag10_obs_mean = 0.4495402766;
blt_obs_mean = 1.9000000000;
c_rgd_obs_mean = 0.8988406631;
cpil_obs_mean = 438.5545091238;
ffr_obs_mean = 1.7510442495;
gdp_rgd_obs_mean = 0.8289486825;
gdpdef_obs_mean = 1.0369164421;
gdpl_rgd_obs_mean = 855.9107395256;
hours_dngs15_cql_obs_mean = -44.6614981325;
hours_dngs15_obs_mean = -44.6861724854;
hours_sw07_cql_obs_mean = -0.0007589582;
hours_sw07_obs_mean = -0.0007589582;
ifi_rgd_obs_mean = 0.9661983445;
unr_cql_obs_mean = 5.9588366890;
unr_obs_mean = 5.9591527964;
wage_rgd_obs_mean = 0.3849925357;
