baag10_obs = 0.6199166329;
bbb1yffr_obs = 0.2851687409;
blt_obs = 7.4115107143;
c_rgd_obs = 0.6298367242;
cd_def_obs = -0.5005260512;
cd_nom_obs = 0.8644662797;
cnds_def_obs = 0.5645739177;
cnds_nom_obs = 1.1221671973;
cpil_obs = 531.7478342831;
credit_nom_obs = 1.3741530900;
ffr_obs = 0.5997205900;
gdp_rgd_obs = 0.5912106482;
gdpdef_obs = 0.4630123615;
gdpl_rgd_obs = 961.1754727532;
hours_dngs15_obs = -47.2924083686;
hours_frbedo08_obs = 0.9996413327;
hours_kr15_obs = 660.9479070554;
hours_sw07_obs = -0.0412361041;
ifi_rgd_obs = 0.6083697108;
inr_nom_obs = 1.0870977977;
ir_nom_obs = 1.0218387306;
unr_obs = 5.7643333333;
wage_rgd_obs = 0.3520739098;
