baag10_obs_mean = 0.5313988292;
bbb1yffr_obs_mean = 0.3161940171;
blt_obs_mean = 9.2241666667;
c_rgd_obs_mean = 0.8059195790;
cd_def_obs_mean = -0.1083985476;
cd_nom_obs_mean = 1.1048720995;
cnds_def_obs_mean = 0.7490400812;
cnds_nom_obs_mean = 1.4629948377;
cpil_obs_mean = 503.1057932063;
credit_nom_obs_mean = 1.6733532342;
ffr_obs_mean = 1.2827622760;
gdp_rgd_obs_mean = 0.7176992789;
gdpdef_obs_mean = 0.6170008603;
gdpl_rgd_obs_mean = 904.0994887785;
hours_dngs15_obs_mean = -44.3096834299;
hours_frbedo08_obs_mean = 1.0003056758;
hours_kr15_obs_mean = 663.8633257435;
hours_sw07_obs_mean = 0.0342445879;
ifi_rgd_obs_mean = 0.5170557788;
inr_nom_obs_mean = 1.2057627281;
ir_nom_obs_mean = 0.9191197172;
mortffr_obs_mean = 0.7171291381;
mortgage_nom_obs_mean = 2.2691689928;
unr_obs_mean = 5.6744107744;
wage_rgd_obs_mean = 0.3834850669;
