baag10_obs_mean = 0.4918165112;
bbb1yffr_obs_mean = 0.2240044338;
blt_obs_mean = 4.1283333333;
c_rgd_obs_mean = 0.8678485461;
cd_def_obs_mean = 0.4061006822;
cd_nom_obs_mean = 1.6807877701;
cnds_def_obs_mean = 1.0878026037;
cnds_nom_obs_mean = 1.8421488205;
cpil_obs_mean = 476.1010964835;
credit_nom_obs_mean = 2.0311452688;
ffr_obs_mean = 1.8758122567;
gdp_rgd_obs_mean = 0.7796488195;
gdpdef_obs_mean = 0.9535262834;
gdpl_rgd_obs_mean = 875.6140821555;
hours_dngs15_obs_mean = -44.6289885532;
hours_frbedo08_obs_mean = 1.0003642343;
hours_kr15_obs_mean = 663.0666029475;
hours_sw07_obs_mean = 0.0435439650;
ifi_rgd_obs_mean = 0.8896536230;
inr_nom_obs_mean = 1.8866788365;
ir_nom_obs_mean = 1.7308154266;
unr_obs_mean = 6.3626262626;
wage_rgd_obs_mean = 0.3387499781;
