baag10_obs_mean = 0.4811464750;
bbb1yffr_obs_mean = 0.1614951122;
blt_obs_mean = 9.2241666667;
c_rgd_obs_mean = 0.8387468131;
cd_def_obs_mean = 0.3410379806;
cd_nom_obs_mean = 1.5990764336;
cnds_def_obs_mean = 1.0355978722;
cnds_nom_obs_mean = 1.8230265320;
cnds_rim_obs_mean = 0.7874286598;
cpil_obs_mean = 453.7145855251;
credit_nom_obs_mean = 2.0914890053;
credit_rgd_obs_mean = 1.1273901901;
ffr_obs_mean = 1.5683823142;
g10ffr_obs_mean = 0.2077137136;
gdp_rgd_obs_mean = 0.7728617860;
gdpdef_obs_mean = 0.9586479549;
gdpl_rgd_obs_mean = 873.1045945258;
hours_cmr14_cql_obs_mean = -754.4792967801;
hours_cmr14_obs_mean = -754.4792967801;
hours_dngs15_cql_obs_mean = -45.0371713456;
hours_dngs15_obs_mean = -45.0371713456;
hours_frbedo08_cql_obs_mean = 1.0000000000;
hours_frbedo08_obs_mean = 1.0000000000;
hours_kr15_cql_obs_mean = 663.0227086428;
hours_kr15_obs_mean = 663.0227086428;
hours_sw07_cql_obs_mean = -0.0011620796;
hours_sw07_obs_mean = -0.0011620796;
ifi_rgd_obs_mean = 0.7380023331;
igid_rim_obs_mean = 1.0157307021;
igiddef_rgd_obs_mean = -0.3321533441;
inr_nom_obs_mean = 1.8070606840;
ir_nom_obs_mean = 1.4257322060;
mortffr_obs_mean = 0.5700394450;
mortgage_nom_obs_mean = 2.2599718255;
networth_rgd_cmr14_obs_mean = 1.0024285781;
networth_rgd_obs_mean = 1.3460857155;
unr_cql_obs_mean = 5.8451851852;
unr_obs_mean = 5.8451851852;
wage_rgd_obs_mean = 0.3869877225;
