baag10_obs_mean = 0.5209518025;
bbb1yffr_obs_mean = 0.3123042966;
blt_obs_mean = 6.8854885057;
c_rgd_obs_mean = 0.8594620946;
cd_def_obs_mean = -0.0903666892;
cd_nom_obs_mean = 1.3154859536;
cnds_def_obs_mean = 0.7687443463;
cnds_nom_obs_mean = 1.5084587723;
cpil_obs_mean = 501.5831623398;
credit_nom_obs_mean = 1.7056173535;
ffr_obs_mean = 1.3166381185;
gdp_rgd_obs_mean = 0.7664919546;
gdpdef_obs_mean = 0.6270510657;
gdpl_rgd_obs_mean = 902.6324286484;
hours_dngs15_obs_mean = -44.3117299412;
hours_frbedo08_obs_mean = 1.0004941754;
hours_kr15_obs_mean = 663.8652555450;
hours_sw07_obs_mean = 0.0511012455;
ifi_rgd_obs_mean = 0.6571606788;
inr_nom_obs_mean = 1.3340629599;
ir_nom_obs_mean = 1.1427501565;
unr_obs_mean = 5.7086666667;
wage_rgd_obs_mean = 0.3941462228;
