baag10_obs_mean = 0.5294937503;
bbb1yffr_obs_mean = 0.3175223130;
blt_obs_mean = 9.2241666667;
c_rgd_obs_mean = 0.8383366743;
cd_def_obs_mean = -0.0987527236;
cd_nom_obs_mean = 1.2194128909;
cnds_def_obs_mean = 0.7771960539;
cnds_nom_obs_mean = 1.5003582599;
cnds_rim_obs_mean = 0.7231622060;
cpil_obs_mean = 502.7231723673;
credit_nom_obs_mean = 1.6964258567;
credit_rgd_obs_mean = 1.0702405523;
ffr_obs_mean = 1.2948750837;
g10ffr_obs_mean = 0.3512377843;
gdp_rgd_obs_mean = 0.7335411575;
gdpdef_obs_mean = 0.6298979420;
gdpl_rgd_obs_mean = 903.7109854443;
hours_cmr14_cql_obs_mean = -752.4346755137;
hours_cmr14_obs_mean = -752.4346755137;
hours_dngs15_cql_obs_mean = -44.3264940705;
hours_dngs15_obs_mean = -44.2959325249;
hours_frbedo08_cql_obs_mean = 1.0000741017;
hours_frbedo08_obs_mean = 1.0003768086;
hours_kr15_cql_obs_mean = 663.8797378341;
hours_kr15_obs_mean = 663.8797378341;
hours_sw07_cql_obs_mean = 0.0440024007;
hours_sw07_obs_mean = 0.0440024007;
ifi_rgd_obs_mean = 0.5887531989;
igid_rim_obs_mean = 0.9975099863;
igiddef_rgd_obs_mean = -0.4551079555;
inr_nom_obs_mean = 1.2522503075;
ir_nom_obs_mean = 0.9812562349;
mortffr_obs_mean = 0.7095704377;
mortgage_nom_obs_mean = 2.2976353119;
networth_rgd_cmr14_obs_mean = 1.0017274769;
networth_rgd_obs_mean = 1.9723609000;
unr_cql_obs_mean = 5.6910000000;
unr_obs_mean = 5.6920850000;
wage_rgd_obs_mean = 0.3781326187;
