baag10_obs = 0.5294937503;
bbb1yffr_obs = 0.3175223130;
blt_obs = 9.2241666667;
c_rgd_obs = 0.8383366743;
cd_def_obs = -0.0987527236;
cd_nom_obs = 1.2194128909;
cnds_def_obs = 0.7771960539;
cnds_nom_obs = 1.5003582599;
cpil_obs = 502.7231723673;
credit_nom_obs = 1.6964258567;
ffr_obs = 1.2948750837;
gdp_rgd_obs = 0.7335411575;
gdpdef_obs = 0.6298979420;
gdpl_rgd_obs = 903.7109854443;
hours_dngs15_obs = -44.2959325249;
hours_frbedo08_obs = 1.0003768086;
hours_kr15_obs = 663.8797378341;
hours_sw07_obs = 0.0440024007;
ifi_rgd_obs = 0.5887531989;
inr_nom_obs = 1.2522503075;
ir_nom_obs = 0.9812562349;
unr_obs = 5.6910000000;
wage_rgd_obs = 0.3781326187;
