baag10_obs = 0.6151777033;
bbb1yffr_obs = 0.2821254457;
blt_obs = 7.0796127946;
c_rgd_obs = 0.6592796313;
cd_def_obs = -0.4952667425;
cd_nom_obs = 0.9224849175;
cnds_def_obs = 0.5687524870;
cnds_nom_obs = 1.1507595235;
cpil_obs = 531.2293533807;
credit_nom_obs = 1.3882402986;
ffr_obs = 0.6176847059;
gdp_rgd_obs = 0.6045721773;
gdpdef_obs = 0.4648532947;
gdpl_rgd_obs = 960.8461555391;
hours_dngs15_obs = -47.2383832538;
hours_frbedo08_obs = 0.9995565909;
hours_kr15_obs = 661.0253143844;
hours_sw07_obs = -0.0498231372;
ifi_rgd_obs = 0.6130320680;
inr_nom_obs = 1.1157907217;
ir_nom_obs = 0.9482334708;
unr_obs = 5.6712366667;
wage_rgd_obs = 0.3559453120;
