blt_obs_mean = 6.8854885057;
cpil_obs_mean = 501.9526632493;
ffr_obs_mean = 1.3166381185;
gdpl_rgd_obs_mean = 902.9769163686;
unr_obs_mean = 5.7086666667;
