baag10_obs_mean = 0.6151777033;
bbb1yffr_obs_mean = 0.2821254457;
blt_obs_mean = 7.0796127946;
c_rgd_obs_mean = 0.6592796313;
c_winf_obs_mean = 0.0000000000;
cd_def_obs_mean = -0.4952667425;
cd_nom_obs_mean = 0.9224849175;
cnds_def_obs_mean = 0.5687524870;
cnds_nom_obs_mean = 1.1507595235;
cnds_rim_obs_mean = 0.5820070365;
cpil_obs_mean = 531.2293533807;
credit_nom_obs_mean = 1.3882402986;
credit_rgd_obs_mean = 0.9220549564;
ffr_obs_mean = 0.6176847059;
g10ffr_obs_mean = 0.3625753720;
gdp_rgd_obs_mean = 0.6045721773;
gdpdef_obs_mean = 0.4648532947;
gdpl_rgd_obs_mean = 960.8461555391;
h_winf_obs_mean = 0.0000000000;
hours_cmr14_cql_obs_mean = -771.4806596938;
hours_cmr14_obs_mean = -771.4806596938;
hours_dngs15_cql_obs_mean = -47.2496918209;
hours_dngs15_obs_mean = -47.2383832538;
hours_frbedo08_cql_obs_mean = 0.9994355219;
hours_frbedo08_obs_mean = 0.9995565909;
hours_kr15_cql_obs_mean = 661.0253143844;
hours_kr15_obs_mean = 661.0253143844;
hours_sw07_cql_obs_mean = -0.0498231372;
hours_sw07_obs_mean = -0.0498231372;
hp_r_obs_mean = 0.1915564655;
hwc_pd_obs_mean = -0.0000000000;
hwr_pd_obs_mean = 0.0000000000;
i_nom_obs_mean = 0.0000000000;
ifi_rgd_obs_mean = 0.6130320680;
igid_rim_obs_mean = 0.9638182706;
igiddef_rgd_obs_mean = -0.4293184362;
inr_nom_obs_mean = 1.1157907217;
ir_nom_obs_mean = 0.9482334708;
mortffr_obs_mean = 0.8082075500;
mortgage_nom_obs_mean = 1.2167457252;
networth_rgd_cmr14_obs_mean = 1.0020266811;
networth_rgd_obs_mean = 1.8965878716;
pi_dm_obs_mean = 0.0000000000;
rbi_obs_mean = 0.4438804414;
rc_obs_mean = 0.2284156551;
rri_obs_mean = 0.0264796598;
unr_cql_obs_mean = 5.6716666667;
unr_obs_mean = 5.6712366667;
wage_rgd_obs_mean = 0.3559453120;
