blt_obs_mean = 3.1250000000;
cpil_obs_mean = 475.3880822580;
ffr_obs_mean = 1.8712014287;
gdpl_rgd_obs_mean = 875.3054561416;
unr_obs_mean = 6.3766666667;
