baag10_obs_mean = 0.4974985928;
c_rgd_obs_mean = 0.8521277065;
ffr_obs_mean = 1.8596095629;
gdp_rgd_obs_mean = 0.7566612437;
gdpdef_obs_mean = 0.9347841040;
hours_dngs15_obs_mean = -44.5638576847;
ifi_rgd_obs_mean = 0.8112701514;
wage_rgd_obs_mean = 0.3446473254;
