baag10_obs_mean = 0.4740178992;
bbb1yffr_obs_mean = 0.1530722697;
blt_obs_mean = 6.8854885057;
c_rgd_obs_mean = 0.8655673154;
cd_def_obs_mean = 0.3512879879;
cd_nom_obs_mean = 1.6812649302;
cnds_def_obs_mean = 1.0475239830;
cnds_nom_obs_mean = 1.8497068483;
cnds_rim_obs_mean = 0.8021828653;
cpil_obs_mean = 453.2502144387;
credit_nom_obs_mean = 2.0965553166;
credit_rgd_obs_mean = 1.1285849450;
ffr_obs_mean = 1.5825692247;
g10ffr_obs_mean = 0.2035154313;
gdp_rgd_obs_mean = 0.7839411005;
gdpdef_obs_mean = 0.9627715277;
gdpl_rgd_obs_mean = 872.7540124309;
hours_cmr14_cql_obs_mean = -754.4212368436;
hours_cmr14_obs_mean = -754.4212368436;
hours_dngs15_cql_obs_mean = -45.0157487780;
hours_dngs15_obs_mean = -45.0077443028;
hours_frbedo08_cql_obs_mean = 0.9999189763;
hours_frbedo08_obs_mean = 1.0000000000;
hours_kr15_cql_obs_mean = 663.0582036030;
hours_kr15_obs_mean = 663.0582036030;
hours_sw07_cql_obs_mean = -0.0009767678;
hours_sw07_obs_mean = -0.0009767678;
ifi_rgd_obs_mean = 0.7846565717;
igid_rim_obs_mean = 1.0583701367;
igiddef_rgd_obs_mean = -0.3340641546;
inr_nom_obs_mean = 1.8389687603;
ir_nom_obs_mean = 1.4943064469;
mortffr_obs_mean = 0.5624499700;
mortgage_nom_obs_mean = 2.2876604209;
networth_rgd_cmr14_obs_mean = 1.0020715127;
networth_rgd_obs_mean = 1.6414968634;
unr_cql_obs_mean = 5.8370577281;
unr_obs_mean = 5.8367985102;
wage_rgd_obs_mean = 0.3951292235;
