baag10_obs_mean = 0.5182210500;
bbb1yffr_obs_mean = 0.3089001064;
blt_obs_mean = 6.8854885057;
c_rgd_obs_mean = 0.8594620946;
cd_def_obs_mean = -0.0903666892;
cd_nom_obs_mean = 1.3154859536;
cnds_def_obs_mean = 0.7687443463;
cnds_nom_obs_mean = 1.5084587723;
cnds_rim_obs_mean = 0.7397144260;
cpil_obs_mean = 501.5831623398;
credit_nom_obs_mean = 1.7056173535;
credit_rgd_obs_mean = 1.0748492788;
ffr_obs_mean = 1.3248650585;
g10ffr_obs_mean = 0.3480073746;
gdp_rgd_obs_mean = 0.7664919546;
gdpdef_obs_mean = 0.6270510657;
gdpl_rgd_obs_mean = 902.6324286484;
hours_cmr14_cql_obs_mean = -752.4117260712;
hours_cmr14_obs_mean = -752.4117260712;
hours_dngs15_cql_obs_mean = -44.3117299412;
hours_dngs15_obs_mean = -44.3117299412;
hours_frbedo08_cql_obs_mean = 1.0004941754;
hours_frbedo08_obs_mean = 1.0004941754;
hours_kr15_cql_obs_mean = 663.8652555450;
hours_kr15_obs_mean = 663.8652555450;
hours_sw07_cql_obs_mean = 0.0511012455;
hours_sw07_obs_mean = 0.0511012455;
ifi_rgd_obs_mean = 0.6571606788;
igid_rim_obs_mean = 1.0951389864;
igiddef_rgd_obs_mean = -0.4537266849;
inr_nom_obs_mean = 1.3340629599;
ir_nom_obs_mean = 1.1427501565;
mortffr_obs_mean = 0.7061458842;
mortgage_nom_obs_mean = 2.3246598283;
networth_rgd_cmr14_obs_mean = 1.0016711201;
networth_rgd_obs_mean = 2.0539714706;
unr_cql_obs_mean = 5.7087542088;
unr_obs_mean = 5.7087542088;
wage_rgd_obs_mean = 0.3941462228;
