baag10_obs_mean = 0.6140946763;
bbb1yffr_obs_mean = 0.2803934949;
blt_obs_mean = 7.0085071429;
c_rgd_obs_mean = 0.6592796313;
cd_def_obs_mean = -0.4952667425;
cd_nom_obs_mean = 0.9224849175;
cnds_def_obs_mean = 0.5687524870;
cnds_nom_obs_mean = 1.1507595235;
cpil_obs_mean = 531.2293533807;
credit_nom_obs_mean = 1.3882402986;
ffr_obs_mean = 0.6154072636;
gdp_rgd_obs_mean = 0.6045721773;
gdpdef_obs_mean = 0.4648532947;
gdpl_rgd_obs_mean = 960.8461555391;
hours_dngs15_obs_mean = -47.2383832538;
hours_frbedo08_obs_mean = 0.9995565909;
hours_kr15_obs_mean = 661.0253143844;
hours_sw07_obs_mean = -0.0498231372;
ifi_rgd_obs_mean = 0.6130320680;
inr_nom_obs_mean = 1.1157907217;
ir_nom_obs_mean = 0.9482334708;
unr_obs_mean = 5.6716666667;
wage_rgd_obs_mean = 0.3559453120;
