baag10_obs_mean = 0.5415061343;
bbb1yffr_obs_mean = 0.3219858170;
blt_obs_mean = 10.1424863388;
c_rgd_obs_mean = 0.7846119399;
cd_def_obs_mean = -0.1183012622;
cd_nom_obs_mean = 1.0959341969;
cnds_def_obs_mean = 0.7379122941;
cnds_nom_obs_mean = 1.4403104606;
cpil_obs_mean = 503.8331912986;
credit_nom_obs_mean = 1.6314145566;
ffr_obs_mean = 1.2565746982;
gdp_rgd_obs_mean = 0.6776968457;
gdpdef_obs_mean = 0.6167241981;
gdpl_rgd_obs_mean = 904.7704316421;
hours_dngs15_obs_mean = -44.3542317449;
hours_frbedo08_obs_mean = 1.0002069666;
hours_kr15_obs_mean = 663.8121247110;
hours_sw07_obs_mean = 0.0213224470;
ifi_rgd_obs_mean = 0.3399541293;
inr_nom_obs_mean = 1.0220465602;
ir_nom_obs_mean = 0.7580391037;
unr_obs_mean = 5.6808080808;
wage_rgd_obs_mean = 0.3895599362;
