baag10_obs_mean = 0.4938015231;
bbb1yffr_obs_mean = 0.2244935396;
blt_obs_mean = 4.1283333333;
c_rgd_obs_mean = 0.8678485461;
c_winf_obs_mean = -0.0000401253;
cd_def_obs_mean = 0.4061006822;
cd_nom_obs_mean = 1.6807877701;
cnds_def_obs_mean = 1.0878026037;
cnds_nom_demean_obs_mean = 0.0000000000;
cnds_nom_obs_mean = 1.8421488205;
cnds_rim_obs_mean = 0.7543462168;
cpil_obs_mean = 476.1010964835;
credit_nom_obs_mean = 2.0311452688;
credit_rgd_obs_mean = 1.0736020399;
emp_obs_mean = 0.4176120971;
ffr_obs_mean = 1.8664454385;
fgs_obs_mean = -1.1215129256;
g10ffr_obs_mean = 0.2292129843;
gdp_rgd_obs_mean = 0.7796488195;
gdpdef_obs_mean = 0.9535262834;
gdpl_rgd_obs_mean = 875.6140821555;
h_winf_obs_mean = -0.0000341153;
hours_A16_obs_mean = 0.0872704132;
hours_cmr14_obs_mean = -754.1120935009;
hours_dngs15_obs_mean = -44.6051662322;
hours_frbedo08_obs_mean = 1.0006017776;
hours_kr15_obs_mean = 663.0666029475;
hours_sw07_obs_mean = 0.0435439650;
hp_nom_obs_mean = 1.1606271091;
hp_r_obs_mean = 0.1515930581;
hwc_pd_obs_mean = 0.0009454085;
hwr_pd_obs_mean = 0.0022353712;
i_A16_obs_mean = -0.0000000000;
i_nom_obs_mean = -0.0000823157;
ifi_rgd_obs_mean = 0.8896536230;
igid_rim_obs_mean = 1.1649618151;
igiddef_rgd_obs_mean = -0.3892865231;
inr_nom_obs_mean = 1.8866788365;
ir_nom_obs_mean = 1.7308154266;
mortffr_obs_mean = 0.5703670362;
mortgage_nom_obs_mean = 2.3232987099;
networth_rgd_cmr14_obs_mean = 1.0017979017;
networth_rgd_obs_mean = 2.4106175369;
pi_dm_obs_mean = -0.0000000000;
rbi_obs_mean = 0.4758378541;
rc_obs_mean = 0.2092621735;
rri_obs_mean = -0.0177478632;
unr_obs_mean = 6.3440000000;
wage_rgd_demean_obs_mean = 0.0000000000;
wage_rgd_obs_mean = 0.3387499781;
