baag10_obs_mean = 0.4495402766;
blt_obs_mean = 1.9000000000;
c_rgd_obs_mean = 0.8988406631;
cpil_obs_mean = 438.0267029814;
ffr_obs_mean = 1.7510442495;
gdp_rgd_obs_mean = 0.8331961707;
gdpdef_obs_mean = 1.0400684343;
gdpl_rgd_obs_mean = 855.5110636210;
hours_dngs15_cql_obs_mean = -44.6861724854;
hours_dngs15_obs_mean = -44.6861724854;
hours_sw07_cql_obs_mean = -0.0007589582;
hours_sw07_obs_mean = -0.0007589582;
ifi_rgd_obs_mean = 0.9661983445;
unr_cql_obs_mean = 5.9707207207;
unr_obs_mean = 5.9707207207;
wage_rgd_obs_mean = 0.3849925357;
