baag10_obs_mean = 0.6140946763;
c_rgd_obs_mean = 0.6592796313;
ffr_obs_mean = 0.6154072636;
gdp_rgd_obs_mean = 0.6045721773;
gdpdef_obs_mean = 0.4648532947;
hours_dngs15_obs_mean = -47.2496918209;
ifi_rgd_obs_mean = 0.6130320680;
wage_rgd_obs_mean = 0.3559453120;
