%%
% Data for Kliem / Kriwoluzky: Toward a Taylor Rule
% Date: August 2012
% Time: 1955:Q1 - 2012:Q2
%
% 
% (1) log real private consumption per capita
% (2) log real private investment per capita
% (3) log real GDP per capita
% (4) log real government expenditure per capita
% (5) log real consumption tax revenue er capita
% (6) log real labor tax revenue er capita
% (7) log real capital tax revenue er capita
% (8) log real transfer per capita
% (9) log real public debt per capita 
% (10) log real total tax revenue per capita (labor + capital)
% (11) labor tax rate
% (12) capital tax rate
% (13) log nominal interest rate
% (14) log inflation
% (15) log real wage
% (16) log hours worked


data0812=[
329.8733515	256.6403109	393.3508689	176.6378126	23.81502689	131.6687299	128.8840863	72.67302837	402.9064966	199.6008186	0.12313127	0.321306211	0.003327754	0.003908402	-0.861415453	4.632697587
330.2603437	261.5910866	394.4749407	175.937933	27.77747887	133.8786523	129.9280651	71.75646393	403.6693234	201.2375844	0.123398712	0.320642403	0.003722153	0.005470473	-0.856697132	4.644105058
330.3662477	263.8025487	395.4786668	176.823455	27.68155505	135.7968273	131.2159635	70.09727917	404.1552625	202.8473416	0.124525223	0.325344909	0.004803555	0.007247722	-0.851599893	4.658933968
331.6924922	265.4156481	396.10584	172.652677	26.74730549	136.8461216	133.4924257	67.92077761	404.0247005	204.4980501	0.124587229	0.331980156	0.005831456	0.006597913	-0.846142712	4.66724701
331.91205	261.8899903	395.3994367	171.4078199	25.50244835	140.0677222	129.0970606	68.53355902	403.5179402	204.0474784	0.127977071	0.326608769	0.006124368	0.009756755	-0.840414573	4.66502295
331.8383077	259.3374794	395.554967	175.1159917	24.28984132	141.3859589	129.6948595	69.74531316	403.3840498	205.0258823	0.128833484	0.331488121	0.006636139	0.009369268	-0.830624345	4.66157792
331.84103	258.8084116	395.2756013	172.0074124	26.56963955	141.4669515	124.1816863	73.57000247	403.219955	202.5120484	0.129108878	0.318380956	0.00692811	0.011314053	-0.826579165	4.661857728
332.4878498	258.3659711	396.3946712	175.2789325	31.85191316	143.4485609	127.6183149	76.03518839	403.7104668	205.1610753	0.129847112	0.328685194	0.00721974	0.006012969	-0.816160611	4.659881122
332.4568633	258.4464469	396.9884322	178.4401563	29.57684882	146.0597146	128.5747543	81.00364561	403.8852405	207.0136215	0.133389539	0.328088975	0.00721974	0.011576724	-0.813369085	4.657056375
332.6401623	257.2062884	396.4473472	176.0913538	27.73346623	146.3282404	124.7831502	83.5707442	404.5997259	205.4495332	0.134028347	0.320162841	0.007389701	0.006870928	-0.810392757	4.647155556
333.5180015	256.9570749	396.8813068	176.1460186	28.33582752	145.7337872	122.337779	83.43903195	405.3612882	204.0331628	0.133242855	0.315122221	0.007947331	0.00777907	-0.804898134	4.643344536
333.404657	248.1793232	394.9069709	178.1098846	23.05014335	144.3915756	114.0073721	89.18999157	407.3413576	199.6637798	0.133619876	0.305129063	0.007995761	0.005320204	-0.796870669	4.625388225
332.911034	240.7030591	392.0737815	174.4442713	20.07561779	142.44644	101.3805907	94.70131838	409.5122398	193.3215905	0.133395707	0.245691071	0.004607284	0.008453888	-0.801613978	4.605811604
333.641864	237.3738706	392.28089	178.4923763	21.18534946	140.1343934	101.8944817	106.1699127	412.9972169	192.1459896	0.131416267	0.244434716	0.002339024	0.00431059	-0.797564548	4.601142209
334.7527403	244.3706857	394.7042532	178.5223568	19.76444497	142.0607321	111.1794281	107.5362907	416.0824614	197.12216	0.131873917	0.257947402	0.00327841	0.002478453	-0.786182597	4.60675981
335.2585225	252.1089476	396.9917496	181.1120296	22.81156406	141.6888761	121.1493236	109.6311619	419.0269526	201.260235	0.129209735	0.270880313	0.005342506	0.001099566	-0.77707125	4.616033938
336.3273792	256.4098539	398.3842207	177.0955762	24.6374385	148.082811	125.1770923	113.5171976	420.9346643	206.5990809	0.135349495	0.277293993	0.006343827	0.003729506	-0.772469358	4.622659363
337.3291441	262.1964008	400.374546	178.5053153	26.54856973	149.2196618	132.5885547	111.5142049	422.422667	210.5641707	0.134488082	0.28405737	0.0075838	0.002296589	-0.764624351	4.634965343
338.2207727	257.5178981	399.8473863	179.9677267	29.11652733	150.1114535	123.6892662	112.9278224	424.4582014	207.0852161	0.136357942	0.271820681	0.008793519	0.003271719	-0.761230548	4.629889191
339.0368965	257.3513603	399.8748124	177.6265693	28.3811136	151.1053513	122.2329758	113.2251201	426.2993226	207.0222999	0.137218793	0.266048285	0.009781139	0.004183084	-0.755786462	4.625134129
338.9419049	265.1594019	401.648715	170.4369096	33.70506368	157.880749	129.4859198	102.6431335	426.4022996	214.0025177	0.144282276	0.278389764	0.009636852	0.002003846	-0.736886011	4.620521781
339.9649787	257.9335595	400.794172	170.1166943	31.48725819	158.9955299	122.7036751	108.158233	427.109946	211.8017373	0.145469645	0.268216559	0.009082982	0.004211215	-0.735236073	4.631152345
339.3634558	255.9609442	400.5489267	174.3650552	29.94501929	159.2777292	119.1334315	106.3127524	428.0555707	210.521371	0.146675788	0.260076972	0.007244027	0.004569041	-0.734089852	4.628408784
339.6589086	245.2324502	398.7627164	175.3843975	28.39354743	157.9895221	114.6299606	110.0876872	429.4691969	207.956342	0.146112108	0.253059447	0.005684872	0.004281287	-0.734133844	4.617940061
340.1957084	244.4737697	399.0880759	174.1764622	27.90117866	158.5223754	113.1978631	118.1250765	431.3833994	207.7210428	0.146912026	0.24955582	0.004950657	0.00128082	-0.72644202	4.610749447
340.9699699	249.6604664	400.6356759	175.2650173	28.15905451	158.2784962	118.0567159	124.0056202	433.3807507	209.4910773	0.14538163	0.251909579	0.004288015	0.001918159	-0.714343305	4.605120287
340.9734276	255.515143	401.9973117	177.6566437	29.11811731	158.1725256	122.0152381	120.4437001	435.1100274	211.0339616	0.143713883	0.256789244	0.00416511	0.00260493	-0.70958092	4.604428132
342.2819592	258.1212893	403.9348116	179.4434794	31.68490126	158.6006976	128.229863	119.1091508	436.7031654	213.8785787	0.141876072	0.2625003	0.005929132	0.002598162	-0.705079988	4.611210472
342.9266992	262.0202524	405.5773194	183.9447011	33.13807772	162.7534905	124.0235339	121.995274	438.400491	214.5666392	0.145977441	0.248058623	0.006075573	0.005702835	-0.694622573	4.613339744
343.661243	261.2539513	406.1818962	184.117411	32.51776211	164.7294234	123.5875514	122.2586165	440.1101766	215.5742665	0.147319702	0.247094682	0.006441302	0.002524191	-0.690629345	4.617296703
344.0517933	261.9796594	406.6164881	187.114127	35.3270551	165.7179992	125.7127558	118.5575627	441.6451668	217.0174202	0.148689118	0.249948381	0.007025358	0.00267499	-0.686412797	4.616843606
344.487831	260.049378	406.2570037	186.3489702	33.71294006	166.3388472	126.4075599	122.0723545	442.9694992	217.6679534	0.149443835	0.247740622	0.00719545	0.003555559	-0.680646694	4.608649066
344.4953096	263.2703772	407.024775	182.8043168	33.63882916	169.9147578	125.9317837	123.5871905	443.9840558	219.636873	0.153926697	0.247708765	0.007316874	0.002814554	-0.67381718	4.607561771
344.8288939	264.813988	407.9272799	181.4888467	35.16960553	169.7125723	130.2865545	124.4585857	444.9934388	221.2448396	0.152411475	0.253273945	0.007292594	0.000988425	-0.669611846	4.612475023
346.1299479	266.6606665	409.3963473	186.8618392	35.26005544	169.5313499	131.7027629	120.4713061	446.1312136	221.7099621	0.150892952	0.253921565	0.008189391	0.001766326	-0.661171424	4.611015161
346.1879051	267.8839822	409.9008519	184.4950467	34.91097323	169.4611604	132.6130866	123.4041385	446.7388176	222.0395514	0.149588727	0.254221656	0.008479555	0.006002916	-0.655777636	4.61318191
347.5918883	270.6954866	411.6296027	184.4631858	34.79894397	166.293712	131.4508242	125.3556208	447.9086929	219.6969049	0.143601958	0.244537416	0.00850372	0.003605092	-0.659979327	4.624079106
348.7343989	270.8357261	412.3130418	183.725126	36.04114689	160.660997	127.5403997	127.01448	449.5907383	214.7804119	0.134037854	0.235079237	0.008576201	0.003387224	-0.652485051	4.633678952
