baag10_obs_mean = 0.5209518025;
bbb1yffr_obs_mean = 0.3123042966;
blt_obs_mean = 6.8854885057;
c_rgd_obs_mean = 0.8594620946;
c_winf_obs_mean = -0.0000157978;
cd_def_obs_mean = -0.0903666892;
cd_nom_obs_mean = 1.3154859536;
cnds_def_obs_mean = 0.7687443463;
cnds_nom_obs_mean = 1.5084587723;
cnds_rim_obs_mean = 0.7397144260;
cpil_obs_mean = 501.9526632493;
credit_nom_obs_mean = 1.7056173535;
credit_rgd_obs_mean = 1.0748492788;
ffr_obs_mean = 1.3166381185;
g10ffr_obs_mean = 0.3495185533;
gdp_rgd_obs_mean = 0.7622436402;
gdpdef_obs_mean = 0.6282061902;
gdpl_rgd_obs_mean = 902.9769163686;
h_winf_obs_mean = 0.0000328516;
hours_cmr14_cql_obs_mean = -752.4117260712;
hours_cmr14_obs_mean = -752.4117260712;
hours_dngs15_cql_obs_mean = -44.3330180953;
hours_dngs15_obs_mean = -44.3117299412;
hours_frbedo08_cql_obs_mean = 1.0002817773;
hours_frbedo08_obs_mean = 1.0004941754;
hours_kr15_cql_obs_mean = 663.8652555450;
hours_kr15_obs_mean = 663.8652555450;
hours_sw07_cql_obs_mean = 0.0511012455;
hours_sw07_obs_mean = 0.0511012455;
hp_r_obs_mean = 0.1246657922;
hwc_pd_obs_mean = 0.0000769104;
hwr_pd_obs_mean = 0.0007283186;
i_nom_obs_mean = -0.0000810539;
ifi_rgd_obs_mean = 0.6571606788;
igid_rim_obs_mean = 1.0951389864;
igiddef_rgd_obs_mean = -0.4537266849;
inr_nom_obs_mean = 1.3251302819;
ir_nom_obs_mean = 1.1022439496;
mortffr_obs_mean = 0.7061458842;
mortgage_nom_obs_mean = 2.3246598283;
networth_rgd_cmr14_obs_mean = 1.0016711201;
networth_rgd_obs_mean = 2.0539714706;
pi_dm_obs_mean = -0.0000000000;
rbi_obs_mean = 0.4118649153;
rc_obs_mean = 0.2729085971;
rri_obs_mean = 0.1695857777;
unr_cql_obs_mean = 5.7086666667;
unr_obs_mean = 5.7082026667;
wage_rgd_obs_mean = 0.3941462228;
