blt_obs_mean = 4.1283333333;
cpil_obs_mean = 476.1010964835;
ffr_obs_mean = 1.8664454385;
gdpl_rgd_obs_mean = 875.6140821555;
unr_obs_mean = 6.3440000000;
