baag10_obs = 0.5218226915;
bbb1yffr_obs = 0.3098971359;
blt_obs = 7.9762711864;
c_rgd_obs = 0.8383366743;
cd_def_obs = -0.0987527236;
cd_nom_obs = 1.2194128909;
cnds_def_obs = 0.7771960539;
cnds_nom_obs = 1.5003582599;
cpil_obs = 502.3637379000;
credit_nom_obs = 1.6964258567;
ffr_obs = 1.3059522895;
gdp_rgd_obs = 0.7477051066;
gdpdef_obs = 0.6301774495;
gdpl_rgd_obs = 903.3824447264;
hours_dngs15_obs = -44.2959325249;
hours_frbedo08_obs = 1.0003768086;
hours_kr15_obs = 663.8797378341;
hours_sw07_obs = 0.0440024007;
ifi_rgd_obs = 0.5887531989;
inr_nom_obs = 1.2802553027;
ir_nom_obs = 1.0386669502;
unr_obs = 5.6828282828;
wage_rgd_obs = 0.3781326187;
