baag10_obs_mean = 0.4860690422;
bbb1yffr_obs_mean = 0.1668534385;
blt_obs_mean = 10.1424863388;
c_rgd_obs_mean = 0.8307354074;
cd_def_obs_mean = 0.3374558349;
cd_nom_obs_mean = 1.6014764033;
cnds_def_obs_mean = 1.0296036384;
cnds_nom_obs_mean = 1.8133253906;
cnds_rim_obs_mean = 0.7837217523;
cpil_obs_mean = 454.6196553649;
credit_nom_obs_mean = 2.0811526843;
credit_rgd_obs_mean = 1.1216525085;
ffr_obs_mean = 1.5599719761;
g10ffr_obs_mean = 0.2100906890;
gdp_rgd_obs_mean = 0.7502242866;
gdpdef_obs_mean = 0.9540106659;
gdpl_rgd_obs_mean = 873.7641320230;
hours_cmr14_cql_obs_mean = -754.5271985587;
hours_cmr14_obs_mean = -754.5271985587;
hours_dngs15_cql_obs_mean = -45.1050604202;
hours_dngs15_obs_mean = -45.0692118435;
hours_frbedo08_cql_obs_mean = 0.9996514617;
hours_frbedo08_obs_mean = 1.0000000000;
hours_kr15_cql_obs_mean = 662.9872847154;
hours_kr15_obs_mean = 662.9872847154;
hours_sw07_cql_obs_mean = -0.0013503315;
hours_sw07_obs_mean = -0.0013503315;
ifi_rgd_obs_mean = 0.6568025415;
igid_rim_obs_mean = 0.9481421478;
igiddef_rgd_obs_mean = -0.3442110082;
inr_nom_obs_mean = 1.6912145790;
ir_nom_obs_mean = 1.3035747870;
mortffr_obs_mean = 0.5737531620;
mortgage_nom_obs_mean = 2.2434516701;
networth_rgd_cmr14_obs_mean = 1.0024693201;
networth_rgd_obs_mean = 1.2608817889;
unr_cql_obs_mean = 5.8741758242;
unr_obs_mean = 5.8749582418;
wage_rgd_obs_mean = 0.3886332514;
