baag10_obs_mean = 0.5201246253;
blt_obs_mean = 6.3779246795;
c_rgd_obs_mean = 0.7854537799;
cpil_obs_mean = 472.1845536906;
ffr_obs_mean = 1.2883996197;
gdp_rgd_obs_mean = 0.7255693865;
gdpdef_obs_mean = 0.8360855956;
gdpl_rgd_obs_mean = 915.5906301383;
hours_dngs15_cql_obs_mean = -46.3113240021;
hours_dngs15_obs_mean = -46.3021368773;
hours_sw07_cql_obs_mean = -0.0068334775;
hours_sw07_obs_mean = -0.0068334775;
ifi_rgd_obs_mean = 0.7626356852;
unr_cql_obs_mean = 5.9622222222;
unr_obs_mean = 5.9620311111;
wage_rgd_obs_mean = 0.3524574425;
