baag10_obs_mean = 0.5493660730;
bbb1yffr_obs_mean = 0.3294108172;
blt_obs_mean = 10.7271505376;
c_rgd_obs_mean = 0.7846119399;
cd_def_obs_mean = -0.1183012622;
cd_nom_obs_mean = 1.0959341969;
cnds_def_obs_mean = 0.7379122941;
cnds_nom_obs_mean = 1.4403104606;
cpil_obs_mean = 504.1566824804;
credit_nom_obs_mean = 1.6314145566;
ffr_obs_mean = 1.2444131179;
gdp_rgd_obs_mean = 0.6677145764;
gdpdef_obs_mean = 0.6126122404;
gdpl_rgd_obs_mean = 905.0556929641;
hours_dngs15_cql_obs_mean = -44.4266259555;
hours_dngs15_obs_mean = -44.3542317449;
hours_frbedo08_cql_obs_mean = 0.9995066997;
hours_frbedo08_obs_mean = 1.0002069666;
hours_kr15_cql_obs_mean = 663.8121247110;
hours_kr15_obs_mean = 663.8121247110;
hours_sw07_cql_obs_mean = 0.0213224470;
hours_sw07_obs_mean = 0.0213224470;
ifi_rgd_obs_mean = 0.3399541293;
inr_nom_obs_mean = 0.9675392489;
ir_nom_obs_mean = 0.6892994120;
mortffr_obs_mean = 0.7256399483;
mortgage_nom_obs_mean = 2.2324496415;
unr_cql_obs_mean = 5.7130000000;
unr_obs_mean = 5.7144240000;
wage_rgd_obs_mean = 0.3895599362;
