baag10_obs_mean = 0.4547553589;
blt_obs_mean = 4.9500000000;
c_rgd_obs_mean = 0.8841406665;
cpil_obs_mean = 440.1259642083;
ffr_obs_mean = 1.7384824847;
gdp_rgd_obs_mean = 0.8031564964;
gdpdef_obs_mean = 1.0270284826;
gdpl_rgd_obs_mean = 857.0159986666;
hours_dngs15_cql_obs_mean = -44.6312342224;
hours_dngs15_obs_mean = -44.6370732533;
hours_sw07_cql_obs_mean = -0.0004560699;
hours_sw07_obs_mean = -0.0004560699;
ifi_rgd_obs_mean = 0.8854921337;
unr_cql_obs_mean = 5.9377192982;
unr_obs_mean = 5.9386719298;
wage_rgd_obs_mean = 0.3997723421;
