baag10_obs_mean = 0.5398802113;
c_rgd_obs_mean = 0.8059195790;
ffr_obs_mean = 1.2703681899;
gdp_rgd_obs_mean = 0.7176992789;
gdpdef_obs_mean = 0.6170008603;
hours_dngs15_obs_mean = -44.3695373568;
ifi_rgd_obs_mean = 0.5170557788;
wage_rgd_obs_mean = 0.3834850669;
