blt_obs_mean = 7.4115107143;
cpil_obs_mean = 531.7478342831;
ffr_obs_mean = 0.5997205900;
gdpl_rgd_obs_mean = 961.3197502329;
unr_obs_mean = 5.7643333333;
