baag10_obs_mean = 0.6175113896;
bbb1yffr_obs_mean = 0.2822373350;
blt_obs_mean = 7.1265981241;
c_rgd_obs_mean = 0.6298367242;
c_winf_obs_mean = -0.0000000000;
cd_def_obs_mean = -0.5005260512;
cd_nom_obs_mean = 0.8644662797;
cnds_def_obs_mean = 0.5645739177;
cnds_nom_obs_mean = 1.1221671973;
cnds_rim_obs_mean = 0.5575932796;
cpil_obs_mean = 531.7523496098;
credit_nom_obs_mean = 1.3741530900;
credit_rgd_obs_mean = 0.9097327574;
ffr_obs_mean = 0.6056539589;
g10ffr_obs_mean = 0.3613860212;
gdp_rgd_obs_mean = 0.4897747470;
gdpdef_obs_mean = 0.4580814978;
gdpl_rgd_obs_mean = 961.3197502329;
h_winf_obs_mean = 0.0000000000;
hours_cmr14_cql_obs_mean = -771.5931697211;
hours_cmr14_obs_mean = -771.5931697211;
hours_dngs15_cql_obs_mean = -47.4814036724;
hours_dngs15_obs_mean = -47.2924083686;
hours_frbedo08_cql_obs_mean = 0.9979126322;
hours_frbedo08_obs_mean = 0.9996413327;
hours_kr15_cql_obs_mean = 660.9479070554;
hours_kr15_obs_mean = 660.9479070554;
hours_sw07_cql_obs_mean = -0.0412361041;
hours_sw07_obs_mean = -0.0412361041;
hp_nom_obs_mean = 0.7567474792;
hp_r_obs_mean = 0.1907520310;
hwc_pd_obs_mean = -0.0000000000;
hwr_pd_obs_mean = 0.0000000000;
i_nom_obs_mean = -0.0000000000;
ifi_rgd_obs_mean = 0.6083697108;
igid_rim_obs_mean = 0.9537228620;
igiddef_rgd_obs_mean = -0.4287925619;
inr_nom_obs_mean = 0.9489071145;
ir_nom_obs_mean = 0.8567851995;
mortffr_obs_mean = 0.8091861084;
mortgage_nom_obs_mean = 1.2109805460;
networth_rgd_cmr14_obs_mean = 1.0020116805;
networth_rgd_obs_mean = 1.8034794604;
pi_dm_obs_mean = 0.0000000000;
rbi_obs_mean = 0.4472369141;
rc_obs_mean = 0.2257854679;
rri_obs_mean = -0.0072870435;
unr_cql_obs_mean = 5.7643333333;
unr_obs_mean = 5.7753953333;
wage_rgd_obs_mean = 0.3520739098;
