baag10_obs_mean = 0.6199166329;
bbb1yffr_obs_mean = 0.2851687409;
blt_obs_mean = 7.4115107143;
c_rgd_obs_mean = 0.6298367242;
cd_def_obs_mean = -0.5005260512;
cd_nom_obs_mean = 0.8644662797;
cnds_def_obs_mean = 0.5645739177;
cnds_nom_obs_mean = 1.1221671973;
cpil_obs_mean = 531.7478342831;
credit_nom_obs_mean = 1.3741530900;
ffr_obs_mean = 0.5997205900;
gdp_rgd_obs_mean = 0.4897747470;
gdpdef_obs_mean = 0.4580814978;
gdpl_rgd_obs_mean = 961.3197502329;
hours_dngs15_obs_mean = -47.2924083686;
hours_frbedo08_obs_mean = 0.9996413327;
hours_kr15_obs_mean = 660.9479070554;
hours_sw07_obs_mean = -0.0412361041;
ifi_rgd_obs_mean = 0.6083697108;
inr_nom_obs_mean = 0.9489071145;
ir_nom_obs_mean = 0.8567851995;
unr_obs_mean = 5.7643333333;
wage_rgd_obs_mean = 0.3520739098;
