baag10_obs_mean = 0.4918165112;
bbb1yffr_obs_mean = 0.2240044338;
blt_obs_mean = 4.1283333333;
c_rgd_obs_mean = 0.8678485461;
c_winf_obs_mean = -0.0000000000;
cd_def_obs_mean = 0.4061006822;
cd_nom_obs_mean = 1.6807877701;
cnds_def_obs_mean = 1.0878026037;
cnds_nom_obs_mean = 1.8421488205;
cnds_rim_obs_mean = 0.7543462168;
cpil_obs_mean = 476.5242109574;
credit_nom_obs_mean = 2.0311452688;
credit_rgd_obs_mean = 1.0736020399;
ffr_obs_mean = 1.8758122567;
g10ffr_obs_mean = 0.2279320992;
gdp_rgd_obs_mean = 0.7753572069;
gdpdef_obs_mean = 0.9483208244;
gdpl_rgd_obs_mean = 876.0047489402;
h_winf_obs_mean = 0.0000000000;
hours_cmr14_cql_obs_mean = -754.1120935009;
hours_cmr14_obs_mean = -754.1120935009;
hours_dngs15_cql_obs_mean = -44.6051662322;
hours_dngs15_obs_mean = -44.6289885532;
hours_frbedo08_cql_obs_mean = 1.0006017776;
hours_frbedo08_obs_mean = 1.0003642343;
hours_kr15_cql_obs_mean = 663.0666029475;
hours_kr15_obs_mean = 663.0666029475;
hours_sw07_cql_obs_mean = 0.0435439650;
hours_sw07_obs_mean = 0.0435439650;
hp_r_obs_mean = 0.1515930581;
hwc_pd_obs_mean = -0.0000000000;
hwr_pd_obs_mean = 0.0000000000;
i_nom_obs_mean = 0.0000000000;
ifi_rgd_obs_mean = 0.8896536230;
igid_rim_obs_mean = 1.1649618151;
igiddef_rgd_obs_mean = -0.3892865231;
inr_nom_obs_mean = 1.8570672282;
ir_nom_obs_mean = 1.7215283582;
mortffr_obs_mean = 0.5703670362;
mortgage_nom_obs_mean = 2.3232987099;
networth_rgd_cmr14_obs_mean = 1.0017979017;
networth_rgd_obs_mean = 2.4106175369;
pi_dm_obs_mean = -0.0000000000;
rbi_obs_mean = 0.4758378541;
rc_obs_mean = 0.2092621735;
rri_obs_mean = -0.0177478632;
unr_cql_obs_mean = 6.3440000000;
unr_obs_mean = 6.3456060000;
wage_rgd_obs_mean = 0.3387499781;
