baag10_obs_mean = 0.4918778103;
bbb1yffr_obs_mean = 0.2273611761;
blt_obs_mean = 3.1250000000;
c_rgd_obs_mean = 0.8798200280;
c_winf_obs_mean = -0.0000239579;
cd_def_obs_mean = 0.4273686226;
cd_nom_obs_mean = 1.6958412159;
cnds_def_obs_mean = 1.0951433691;
cnds_nom_demean_obs_mean = -0.0000000000;
cnds_nom_obs_mean = 1.8625297541;
cnds_rim_obs_mean = 0.7673863850;
cpil_obs_mean = 474.9595748207;
credit_nom_obs_mean = 2.0399169938;
credit_rgd_obs_mean = 1.0768433532;
emp_obs_mean = 0.4238632963;
ffr_obs_mean = 1.8712014287;
fgs_obs_mean = -1.1237392260;
g10ffr_obs_mean = 0.2306041256;
gdp_rgd_obs_mean = 0.7939207958;
gdpdef_obs_mean = 0.9611896576;
gdpl_rgd_obs_mean = 874.8988950483;
h_winf_obs_mean = -0.0001092141;
hours_A16_obs_mean = 0.0825935876;
hours_cmr14_obs_mean = -754.2854266946;
hours_dngs15_obs_mean = -44.6583603898;
hours_frbedo08_obs_mean = 1.0006558164;
hours_kr15_obs_mean = 663.0010283234;
hours_sw07_obs_mean = 0.0426666980;
hp_nom_obs_mean = 1.1846669655;
hp_r_obs_mean = 0.1463477706;
hwc_pd_obs_mean = 0.0009457434;
hwr_pd_obs_mean = 0.0023275309;
i_A16_obs_mean = -0.0000000000;
i_nom_obs_mean = -0.0000736919;
ifi_rgd_obs_mean = 0.9650101931;
igid_rim_obs_mean = 1.2073747417;
igiddef_rgd_obs_mean = -0.3782173812;
inr_nom_obs_mean = 2.0184604175;
ir_nom_obs_mean = 1.6709765038;
mortffr_obs_mean = 0.5728078402;
mortgage_nom_obs_mean = 2.3409052241;
networth_rgd_cmr14_obs_mean = 1.0017813464;
networth_rgd_obs_mean = 2.4583502535;
pi_dm_obs_mean = -0.0000000000;
rbi_obs_mean = 0.4833602460;
rc_obs_mean = 0.2136465950;
rri_obs_mean = 0.0938779430;
unr_obs_mean = 6.3766666667;
wage_rgd_demean_obs_mean = 0.0000000000;
wage_rgd_obs_mean = 0.3261295959;
