baag10_obs_mean = 0.5209518025;
c_rgd_obs_mean = 0.8594620946;
ffr_obs_mean = 1.3166381185;
gdp_rgd_obs_mean = 0.7622436402;
gdpdef_obs_mean = 0.6282061902;
hours_dngs15_obs_mean = -44.3330180953;
ifi_rgd_obs_mean = 0.6571606788;
wage_rgd_obs_mean = 0.3941462228;
