baag10_obs_mean = 0.6238927037;
bbb1yffr_obs_mean = 0.2839376421;
blt_obs_mean = 8.4473011905;
c_rgd_obs_mean = 0.5991270293;
c_winf_obs_mean = -0.0000385835;
cd_def_obs_mean = -0.4815757536;
cd_nom_obs_mean = 0.9986681958;
cnds_def_obs_mean = 0.5572595504;
cnds_nom_demean_obs_mean = 0.0000000000;
cnds_nom_obs_mean = 1.0652949702;
cnds_rim_obs_mean = 0.5080354198;
cpil_obs_mean = 532.5693946054;
credit_nom_obs_mean = 1.4455388077;
credit_rgd_obs_mean = 0.9920717484;
emp_obs_mean = 0.1792582855;
ffr_obs_mean = 0.5714093430;
fgs_obs_mean = -1.0788932302;
g10ffr_obs_mean = 0.3607578892;
gdp_rgd_obs_mean = 0.5541009051;
gdpdef_obs_mean = 0.4577972012;
gdpl_rgd_obs_mean = 962.2583774032;
h_winf_obs_mean = -0.0000311861;
hours_A16_obs_mean = -0.0329105729;
hours_cmr14_obs_mean = -772.0188470420;
hours_dngs15_obs_mean = -47.6525343174;
hours_frbedo08_obs_mean = 0.9990891063;
hours_kr15_obs_mean = 660.5667095374;
hours_sw07_obs_mean = -0.0494759696;
hp_nom_obs_mean = 0.7867453538;
hp_r_obs_mean = 0.1844158853;
hwc_pd_obs_mean = -0.0006860734;
hwr_pd_obs_mean = 0.0000127034;
i_A16_obs_mean = 0.0000000000;
i_nom_obs_mean = -0.0000504512;
ifi_rgd_obs_mean = 0.5775517848;
igid_rim_obs_mean = 0.9867641021;
igiddef_rgd_obs_mean = -0.4306356457;
inr_nom_obs_mean = 1.0485206674;
ir_nom_obs_mean = 0.9956769995;
mortffr_obs_mean = 0.8154114381;
mortgage_nom_obs_mean = 1.1838679647;
networth_rgd_cmr14_obs_mean = 1.0020599199;
networth_rgd_obs_mean = 1.7556266003;
pi_dm_obs_mean = -0.0000000000;
rbi_obs_mean = 0.4223720938;
rc_obs_mean = 0.2206722884;
rri_obs_mean = -0.0477421223;
unr_obs_mean = 5.7926666667;
wage_rgd_demean_obs_mean = -0.0000000000;
wage_rgd_obs_mean = 0.3973792126;
