baag10_obs = 0.6175113896;
bbb1yffr_obs = 0.2822373350;
blt_obs = 7.1265981241;
c_rgd_obs = 0.6298367242;
cd_def_obs = -0.5005260512;
cd_nom_obs = 0.8644662797;
cnds_def_obs = 0.5645739177;
cnds_nom_obs = 1.1221671973;
cpil_obs = 531.7523496098;
credit_nom_obs = 1.3741530900;
ffr_obs = 0.6056539589;
gdp_rgd_obs = 0.4897747470;
gdpdef_obs = 0.4580814978;
gdpl_rgd_obs = 961.3197502329;
hours_dngs15_obs = -47.2924083686;
hours_frbedo08_obs = 0.9996413327;
hours_kr15_obs = 660.9479070554;
hours_sw07_obs = -0.0412361041;
ifi_rgd_obs = 0.6083697108;
inr_nom_obs = 0.9489071145;
ir_nom_obs = 0.8567851995;
unr_obs = 5.7753953333;
wage_rgd_obs = 0.3520739098;
