blt_obs_mean = 4.1283333333;
cpil_obs_mean = 476.5242109574;
ffr_obs_mean = 1.8664454385;
gdpl_rgd_obs_mean = 876.0047489402;
unr_obs_mean = 6.3440000000;
