baag10_obs_mean = 0.5201246253;
blt_obs_mean = 6.3779246795;
c_rgd_obs_mean = 0.7854537799;
cpil_obs_mean = 471.8116777831;
ffr_obs_mean = 1.2883996197;
gdp_rgd_obs_mean = 0.7269531290;
gdpdef_obs_mean = 0.8378205453;
gdpl_rgd_obs_mean = 915.2727978309;
hours_dngs15_cql_obs_mean = -46.3021368773;
hours_dngs15_obs_mean = -46.3021368773;
hours_sw07_cql_obs_mean = -0.0068334775;
hours_sw07_obs_mean = -0.0068334775;
ifi_rgd_obs_mean = 0.7626356852;
unr_cql_obs_mean = 5.9727678571;
unr_obs_mean = 5.9727678571;
wage_rgd_obs_mean = 0.3524574425;
