baag10_obs_mean = 0.6175113896;
bbb1yffr_obs_mean = 0.2822373350;
blt_obs_mean = 7.1265981241;
c_rgd_obs_mean = 0.6298367242;
cd_def_obs_mean = -0.5005260512;
cd_nom_obs_mean = 0.8644662797;
cnds_def_obs_mean = 0.5645739177;
cnds_nom_obs_mean = 1.1221671973;
cnds_rim_obs_mean = 0.5575932796;
cpil_obs_mean = 531.5182219439;
credit_nom_obs_mean = 1.3741530900;
credit_rgd_obs_mean = 0.9097327574;
ffr_obs_mean = 0.6056539589;
g10ffr_obs_mean = 0.3613860212;
gdp_rgd_obs_mean = 0.5912106482;
gdpdef_obs_mean = 0.4630123615;
gdpl_rgd_obs_mean = 961.1754727532;
hours_cmr14_cql_obs_mean = -771.5931697211;
hours_cmr14_obs_mean = -771.5931697211;
hours_dngs15_cql_obs_mean = -47.2924083686;
hours_dngs15_obs_mean = -47.2924083686;
hours_frbedo08_cql_obs_mean = 0.9996413327;
hours_frbedo08_obs_mean = 0.9996413327;
hours_kr15_cql_obs_mean = 660.9479070554;
hours_kr15_obs_mean = 660.9479070554;
hours_sw07_cql_obs_mean = -0.0412361041;
hours_sw07_obs_mean = -0.0412361041;
ifi_rgd_obs_mean = 0.6083697108;
igid_rim_obs_mean = 0.9537228620;
igiddef_rgd_obs_mean = -0.4287925619;
inr_nom_obs_mean = 1.0870977977;
ir_nom_obs_mean = 1.0218387306;
mortffr_obs_mean = 0.8091861084;
mortgage_nom_obs_mean = 1.2109805460;
networth_rgd_cmr14_obs_mean = 1.0020116805;
networth_rgd_obs_mean = 1.8034794604;
unr_cql_obs_mean = 5.6740740741;
unr_obs_mean = 5.6740740741;
wage_rgd_obs_mean = 0.3520739098;
