baag10_obs_mean = 0.5536278190;
bbb1yffr_obs_mean = 0.3313706681;
blt_obs_mean = 11.3379557292;
c_rgd_obs_mean = 0.7835894283;
c_winf_obs_mean = -0.0000355839;
cd_def_obs_mean = -0.1360374509;
cd_nom_obs_mean = 1.1040475091;
cnds_def_obs_mean = 0.7397661050;
cnds_nom_obs_mean = 1.4254266866;
cnds_rim_obs_mean = 0.6856605816;
cpil_obs_mean = 505.2771572525;
credit_nom_obs_mean = 1.5426543621;
credit_rgd_obs_mean = 0.9352390872;
ffr_obs_mean = 1.1935004802;
g10ffr_obs_mean = 0.3591464551;
gdp_rgd_obs_mean = 0.6740525120;
gdpdef_obs_mean = 0.6032491163;
gdpl_rgd_obs_mean = 918.9979176584;
h_winf_obs_mean = 0.0000510443;
hours_cmr14_cql_obs_mean = -752.7334643766;
hours_cmr14_obs_mean = -752.7334643766;
hours_dngs15_cql_obs_mean = -44.5854846623;
hours_dngs15_obs_mean = -44.4833527073;
hours_frbedo08_cql_obs_mean = 0.9992306820;
hours_frbedo08_obs_mean = 1.0002040938;
hours_kr15_cql_obs_mean = 663.6733145667;
hours_kr15_obs_mean = 663.6733145667;
hours_sw07_cql_obs_mean = 0.0214381279;
hours_sw07_obs_mean = 0.0214381279;
hp_r_obs_mean = 0.1294810722;
hwc_pd_obs_mean = -0.0007432868;
hwr_pd_obs_mean = -0.0016440411;
i_nom_obs_mean = -0.0001088022;
ifi_rgd_obs_mean = 0.3139942321;
igid_rim_obs_mean = 0.7178231019;
igiddef_rgd_obs_mean = -0.4369724575;
inr_nom_obs_mean = 0.9883724262;
ir_nom_obs_mean = 0.6859745038;
mortffr_obs_mean = 0.7385416641;
mortgage_nom_obs_mean = 2.1738245851;
networth_rgd_cmr14_obs_mean = 1.0024148055;
networth_rgd_obs_mean = 1.7836322758;
pi_dm_obs_mean = -0.0000000000;
rbi_obs_mean = 0.3334977579;
rc_obs_mean = 0.2564912087;
rri_obs_mean = 0.1385489030;
unr_cql_obs_mean = 5.7676666667;
unr_obs_mean = 5.7228956229;
wage_rgd_obs_mean = 0.3629901254;
