baag10_obs_mean = 0.6217060212;
bbb1yffr_obs_mean = 0.2866307140;
blt_obs_mean = 8.1097690476;
c_rgd_obs_mean = 0.5131915752;
c_winf_obs_mean = -0.0002029090;
cd_def_obs_mean = -0.5078684925;
cd_nom_obs_mean = 0.8388632965;
cnds_def_obs_mean = 0.5537347915;
cnds_nom_demean_obs_mean = 0.0000000000;
cnds_nom_obs_mean = 0.9843950723;
cnds_rim_obs_mean = 0.4306602808;
cpil_obs_mean = 532.2755594582;
credit_nom_obs_mean = 1.4161094888;
credit_rgd_obs_mean = 0.9531462641;
emp_obs_mean = 0.1387750771;
ffr_obs_mean = 0.5854877721;
fgs_obs_mean = -1.0782478709;
g10ffr_obs_mean = 0.3593037021;
gdp_rgd_obs_mean = 0.4831058961;
gdpdef_obs_mean = 0.4536255986;
gdpl_rgd_obs_mean = 961.6986160732;
h_winf_obs_mean = 0.0000394825;
hours_A16_obs_mean = -0.0000000000;
hours_cmr14_cql_obs_mean = -771.8488348397;
hours_cmr14_obs_mean = -771.8488348397;
hours_dngs15_cql_obs_mean = -47.5798551462;
hours_dngs15_obs_mean = -47.4788894566;
hours_frbedo08_cql_obs_mean = 0.9986455962;
hours_frbedo08_obs_mean = 0.9996143555;
hours_kr15_cql_obs_mean = 660.7192772316;
hours_kr15_obs_mean = 660.7192772316;
hours_sw07_cql_obs_mean = -0.0487646955;
hours_sw07_obs_mean = -0.0487646955;
hp_nom_obs_mean = 0.7533641858;
hp_r_obs_mean = 0.2142924171;
hwc_pd_obs_mean = -0.0010194535;
hwr_pd_obs_mean = -0.0001172980;
i_A16_obs_mean = 0.0000000000;
i_nom_obs_mean = -0.0000510008;
ifi_rgd_obs_mean = 0.5291601640;
igid_rim_obs_mean = 0.8507788661;
igiddef_rgd_obs_mean = -0.4418109255;
inr_nom_obs_mean = 1.0189121088;
ir_nom_obs_mean = 0.8676621188;
mortffr_obs_mean = 0.8125069402;
mortgage_nom_obs_mean = 1.1995867326;
networth_rgd_cmr14_obs_mean = 1.0020036847;
networth_rgd_obs_mean = 1.6772395806;
pi_dm_obs_mean = 0.0000000000;
rbi_obs_mean = 0.4383474667;
rc_obs_mean = 0.2241788960;
rri_obs_mean = -0.0238308849;
unr_cql_obs_mean = 5.7930000000;
unr_obs_mean = 5.7484848485;
wage_rgd_demean_obs_mean = 0.0000000000;
wage_rgd_obs_mean = 0.4223663967;
