blt_obs_mean = 7.0085071429;
cpil_obs_mean = 530.9820866778;
ffr_obs_mean = 0.6154072636;
gdpl_rgd_obs_mean = 960.5841463322;
unr_obs_mean = 5.6716666667;
