baag10_obs = 0.6140946763;
bbb1yffr_obs = 0.2803934949;
blt_obs = 7.0085071429;
c_rgd_obs = 0.6592796313;
cd_def_obs = -0.4952667425;
cd_nom_obs = 0.9224849175;
cnds_def_obs = 0.5687524870;
cnds_nom_obs = 1.1507595235;
cpil_obs = 530.9820866778;
credit_nom_obs = 1.3882402986;
ffr_obs = 0.6154072636;
gdp_rgd_obs = 0.6064808755;
gdpdef_obs = 0.4650290163;
gdpl_rgd_obs = 960.5841463322;
hours_dngs15_obs = -47.2383832538;
hours_frbedo08_obs = 0.9995565909;
hours_kr15_obs = 661.0253143844;
hours_sw07_obs = -0.0498231372;
ifi_rgd_obs = 0.6130320680;
inr_nom_obs = 1.1207120678;
ir_nom_obs = 0.9413252892;
unr_obs = 5.6716666667;
wage_rgd_obs = 0.3559453120;
