baag10_obs_mean = 0.5218235332;
bbb1yffr_obs_mean = 0.3098971359;
blt_obs_mean = 7.9762711864;
c_rgd_obs_mean = 0.8383366743;
c_winf_obs_mean = -0.0000000000;
cd_def_obs_mean = -0.0987527236;
cd_nom_obs_mean = 1.2194128909;
cnds_def_obs_mean = 0.7771960539;
cnds_nom_demean_obs_mean = -0.0000000000;
cnds_nom_obs_mean = 1.5003582599;
cnds_rim_obs_mean = 0.7231622060;
cpil_obs_mean = 502.7231723673;
credit_nom_obs_mean = 1.6964258567;
credit_rgd_obs_mean = 1.0702405523;
emp_obs_mean = 0.3531029813;
ffr_obs_mean = 1.3059522895;
fgs_obs_mean = -1.0918339078;
g10ffr_obs_mean = 0.3471542029;
gdp_rgd_obs_mean = 0.7335411575;
gdpdef_obs_mean = 0.6298979420;
gdpl_rgd_obs_mean = 903.7109854443;
h_winf_obs_mean = 0.0000000000;
hours_A16_obs_mean = 0.0940783818;
hours_cmr14_obs_mean = -752.4346755137;
hours_dngs15_obs_mean = -44.2959325249;
hours_frbedo08_obs_mean = 1.0003768086;
hours_kr15_obs_mean = 663.8797378341;
hours_sw07_obs_mean = 0.0440024007;
hp_nom_obs_mean = 0.8198777773;
hp_r_obs_mean = 0.1269669957;
hwc_pd_obs_mean = 0.0000000000;
hwr_pd_obs_mean = -0.0000000000;
i_A16_obs_mean = -0.0000000000;
i_nom_obs_mean = 0.0000000000;
ifi_rgd_obs_mean = 0.5887531989;
igid_rim_obs_mean = 0.9975099863;
igiddef_rgd_obs_mean = -0.4551079555;
inr_nom_obs_mean = 1.2522503075;
ir_nom_obs_mean = 0.9812562349;
mortffr_obs_mean = 0.7095704377;
mortgage_nom_obs_mean = 2.2976353119;
networth_rgd_cmr14_obs_mean = 1.0017274769;
networth_rgd_obs_mean = 1.9723609000;
pi_dm_obs_mean = -0.0000000000;
rbi_obs_mean = 0.3922642256;
rc_obs_mean = 0.2735090254;
rri_obs_mean = 0.1458087384;
unr_obs_mean = 5.6920850000;
wage_rgd_demean_obs_mean = 0.0000000000;
wage_rgd_obs_mean = 0.3781326187;
