%Following are the parameters that were estimated 
rho_M       = -0.0335 ;
rho_xz      = 0.3276 ;
c_z         = 2.9973 ;
rho_muz     = 0.9041 ;
rho_xups    = 0.8217 ;
c_ups       = 0.2461 ;
rho_muups   = 0.2414 ;
sig_M       = 0.3285 ;
sig_muz     = 0.0673 ;
sig_muups   = 0.3027 ;
epsilon     = 0.8004 ;
kappa       = 3.2756 ;
xi_w        = 0.7234 ;
b           = 0.7048 ;
sigma_a     = 2.0183 ;
cp_z        = 1.4211 ;
cp_ups      = 0.1342 ;
gam         = 0.0401 ;
%Following are the parameters held fixed in the estimation 

psi_L       = 1.0000 ;
bet         = 0.9926 ;
mu_ups      = 1.0042 ;
mu_z        = 1.0001 ;
delta       = 0.0250 ;
alph        = 0.3600 ;
nu          = 1.0000 ;
psi_L       = 1.0000 ;
x           = 1.0170 ;
V           = 0.4500 ;
sigma_L     = 1.0000 ;
lambda_f    = 1.0100 ;
lambda_w    = 1.0500 ;
squig       = 1.0000 ;
vartheta    = 0.0000 ;
eta         = 0.0360 ;
theta_M     = 0.0000 ;
theta_muz   = 0.0000 ;
theta_muups = 0.0000 ;
