baag10_obs_mean = 0.6151777033;
bbb1yffr_obs_mean = 0.2821254457;
blt_obs_mean = 7.0796127946;
c_rgd_obs_mean = 0.6592796313;
cd_def_obs_mean = -0.4952667425;
cd_nom_obs_mean = 0.9224849175;
cnds_def_obs_mean = 0.5687524870;
cnds_nom_obs_mean = 1.1507595235;
cpil_obs_mean = 530.9820866778;
credit_nom_obs_mean = 1.3882402986;
ffr_obs_mean = 0.6176847059;
gdp_rgd_obs_mean = 0.6064808755;
gdpdef_obs_mean = 0.4650290163;
gdpl_rgd_obs_mean = 960.5841463322;
hours_dngs15_obs_mean = -47.2383832538;
hours_frbedo08_obs_mean = 0.9995565909;
hours_kr15_obs_mean = 661.0253143844;
hours_sw07_obs_mean = -0.0498231372;
ifi_rgd_obs_mean = 0.6130320680;
inr_nom_obs_mean = 1.1207120678;
ir_nom_obs_mean = 0.9413252892;
unr_obs_mean = 5.6925925926;
wage_rgd_obs_mean = 0.3559453120;
