baag10_obs = 0.5398802113;
bbb1yffr_obs = 0.3243858679;
blt_obs = 10.1424863388;
c_rgd_obs = 0.8059195790;
cd_def_obs = -0.1083985476;
cd_nom_obs = 1.1048720995;
cnds_def_obs = 0.7490400812;
cnds_nom_obs = 1.4629948377;
cpil_obs = 503.1057932063;
credit_nom_obs = 1.6733532342;
ffr_obs = 1.2703681899;
gdp_rgd_obs = 0.7176992789;
gdpdef_obs = 0.6170008603;
gdpl_rgd_obs = 904.0994887785;
hours_dngs15_obs = -44.3096834299;
hours_frbedo08_obs = 1.0003056758;
hours_kr15_obs = 663.8633257435;
hours_sw07_obs = 0.0342445879;
ifi_rgd_obs = 0.5170557788;
inr_nom_obs = 1.2057627281;
ir_nom_obs = 0.9191197172;
unr_obs = 5.6936666667;
wage_rgd_obs = 0.3834850669;
