baag10_obs_mean = 0.5182210500;
bbb1yffr_obs_mean = 0.3089001064;
blt_obs_mean = 6.8854885057;
c_rgd_obs_mean = 0.8594620946;
cd_def_obs_mean = -0.0903666892;
cd_nom_obs_mean = 1.3154859536;
cnds_def_obs_mean = 0.7687443463;
cnds_nom_obs_mean = 1.5084587723;
cpil_obs_mean = 501.9526632493;
credit_nom_obs_mean = 1.7056173535;
ffr_obs_mean = 1.3248650585;
gdp_rgd_obs_mean = 0.7622436402;
gdpdef_obs_mean = 0.6282061902;
gdpl_rgd_obs_mean = 902.9769163686;
hours_dngs15_obs_mean = -44.3117299412;
hours_frbedo08_obs_mean = 1.0004941754;
hours_kr15_obs_mean = 663.8652555450;
hours_sw07_obs_mean = 0.0511012455;
ifi_rgd_obs_mean = 0.6571606788;
inr_nom_obs_mean = 1.3251302819;
ir_nom_obs_mean = 1.1022439496;
unr_obs_mean = 5.7082026667;
wage_rgd_obs_mean = 0.3941462228;
