baag10_obs_mean = 0.6243434462;
bbb1yffr_obs_mean = 0.2837140888;
blt_obs_mean = 8.4987678571;
c_rgd_obs_mean = 0.5944994962;
c_winf_obs_mean = 0.0000086603;
cd_def_obs_mean = -0.4830433149;
cd_nom_obs_mean = 0.9868059990;
cnds_def_obs_mean = 0.5555147005;
cnds_nom_demean_obs_mean = 0.0000000000;
cnds_nom_obs_mean = 1.0619239662;
cnds_rim_obs_mean = 0.5064092658;
cpil_obs_mean = 533.0956242467;
credit_nom_obs_mean = 1.4275748746;
credit_rgd_obs_mean = 0.9699881393;
emp_obs_mean = 0.1782015755;
ffr_obs_mean = 0.5581882563;
fgs_obs_mean = -1.0793565063;
g10ffr_obs_mean = 0.3620935894;
gdp_rgd_obs_mean = 0.5571797773;
gdpdef_obs_mean = 0.4580715199;
gdpl_rgd_obs_mean = 962.8162383781;
h_winf_obs_mean = -0.0000057845;
hours_A16_obs_mean = -0.0304972782;
hours_cmr14_obs_mean = -772.1644206982;
hours_dngs15_obs_mean = -47.7394433172;
hours_frbedo08_obs_mean = 0.9991966368;
hours_kr15_obs_mean = 660.4506271027;
hours_sw07_obs_mean = -0.0459019053;
hp_nom_obs_mean = 0.7747314572;
hp_r_obs_mean = 0.1973253761;
hwc_pd_obs_mean = -0.0005876188;
hwr_pd_obs_mean = 0.0003008929;
i_A16_obs_mean = 0.0000000000;
i_nom_obs_mean = -0.0000497298;
ifi_rgd_obs_mean = 0.6056355962;
igid_rim_obs_mean = 1.0107089547;
igiddef_rgd_obs_mean = -0.4253679054;
inr_nom_obs_mean = 1.0653161173;
ir_nom_obs_mean = 1.0590074856;
mortffr_obs_mean = 0.8173445643;
mortgage_nom_obs_mean = 1.1847093257;
networth_rgd_cmr14_obs_mean = 1.0020711701;
networth_rgd_obs_mean = 1.7773429099;
pi_dm_obs_mean = 0.0000000000;
rbi_obs_mean = 0.4056334116;
rc_obs_mean = 0.2159664409;
rri_obs_mean = -0.0879013387;
unr_obs_mean = 5.7996666667;
wage_rgd_demean_obs_mean = -0.0000000000;
wage_rgd_obs_mean = 0.4047650635;
